1317646534939038464
1317646535042774272
1317646535146376448
1317646535250113536
1317646535353730048
1317646535457468672
1317646535561083136
1317646535664836096
1317646535768458240
1317646535872185088
1317646535975948032
1317646536079535360
1317646536183280384
1317646536287017472
1317646536390634240
1317646536494250496
1317646536597998080
1317646536701607424
1317646536805340416
1317646536908961280
1317646537012704000
1317646537116319744
1317646537220055808
1317646537323677696
1317646537427288576
1317646537531026432
1317646537634870528
1317646537738405120
1317646537842122240
1317646537945806848
1317646538049479680
1317646538153095680
1317646538256707328
1317646538360323328
1317646538463963392
1317646538567583232
1317646538671294464
1317646538774909440
1317646538878526720
1317646538982145024
1317646539085926144
1317646539189498880
1317646539293240576
1317646539396978432
1317646539500597504
1317646539604331776
1317646539707950080
1317646539811570688
1317646539915184128
1317646540018947584
1317646540122541312
1317646540226155008
1317646540329899776
1317646540433511936
1317646540537271296
1317646540640867328
1317646540744609024
1317646540848223488
1317646540951959296
1317646541055579392
1317646541159316480
1317646541262932992
1317646541366696960
1317646541470421504
1317646541574030336
1317646541677779200
1317646541781388800
1317646541885001728
1317646541988743168
1317646542092361472
1317646542195972352
1317646542299587584
1317646542403205120
1317646542506823936
1317646542610434816
1317646542714182144
1317646542817792512
1317646542921531136
1317646543025149696
1317646543128887808
1317646543232508928
1317646543336140800
1317646543439885312
1317646543543475968
1317646543647213056
1317646543750833408
1317646543854441728
1317646543958200576
1317646544061927936
1317646544165550848
1317646544269285376
1317646544373024256
1317646544476786944
1317646544580625408
1317646544684380416
1317646544788267776
1317646544892097536
1317646544995969280
1317646545099869184
1317646545203699456
1317646545307705344
1317646545411674624
1317646545515669760
1317646545619658496
1317646545723647744
1317646545827784448
1317646545931755264
1317646546035628288
1317646546139606784
1317646546243351808
1317646546347214848
1317646546450956800
1317646546554572800
1317646546658312704
1317646546761804544
1317646546865416960
1317646546969034496
1317646547072648960
1317646547176142848
1317646547279639808
1317646547383144448
1317646547486709760
1317646547590103552
1317646547693726720
1317646547797099776
1317646547900712448
1317646548004239616
1317646548107807744
1317646548211388416
1317646548314916352
1317646548418540288
1317646548522144512
1317646548625753856
1317646548729379328
1317646548832988160
1317646548936705280
1317646549040342016
1317646549143959296
1317646549247575552
1317646549351310848
1317646549454930688
1317646549558715648
1317646549662302976
1317646549765902848
1317646549869521408
1317646549973134848
1317646550076873984
1317646550180488960
1317646550284113664
1317646550387846144
1317646550491587328
1317646550595204608
1317646550698942464
1317646550802679040
1317646550906423808
1317646551010056704
1317646551113774080
1317646551217488896
1317646551321128448
1317646551424749312
1317646551528366592
1317646551632126720
1317646551735721984
1317646551839463936
1317646551943226368
1317646552046939648
1317646552150684928
1317646552254427136
1317646552358189824
1317646552461906688
1317646552565521152
1317646552669254656
1317646552772875776
1317646552876493824
1317646552980233472
1317646553083862784
1317646553187584768
1317646553291204352
1317646553394969344
1317646553498612992
1317646553602298624
1317646553705916672
1317646553809532416
1317646553913149184
1317646554016763392
1317646554120453120
1317646554224062464
1317646554327718656
1317646554431282432
1317646554534842112
1317646554638453248
1317646554741945856
1317646554845561344
1317646554949053696
1317646555052538880
1317646555156177920
1317646555259650048
1317646555363136512
1317646555466505472
1317646555569996800
1317646555673481984
1317646555776998912
1317646555880548608
1317646555984061952
1317646556087406080
1317646556190936576
1317646556294479616
1317646556398040064
1317646556501759232
1317646556605399040
1317646556709140224
1317646556812983552
1317646556916745728
1317646557020482816
1317646557124348928
1317646557228213248
1317646557332210176
1317646557436195072
1317646557540329728
1317646557644548096
1317646557748682240
1317646557852702720
1317646557956645376
1317646558060760320
1317646558164752640
1317646558268742400
1317646558372634112
1317646558476599040
1317646558580467712
1317646558684228352
1317646558788026880
1317646558891687680
1317646558995456512
1317646559099045376
1317646559202993664
1317646559306304512
1317646559410041856
1317646559513598464
1317646559617142784
1317646559720864768
1317646559824512000
1317646559928165632
1317646560031705088
1317646560135359488
1317646560238933760
1317646560342678272
1317646560446292992
1317646560549915648
1317646560653670400
1317646560757260032
1317646560861021440
1317646560964721920
1317646561068268288
1317646561172029952
1317646561275587584
1317646561379382272
1317646561483091200
1317646561586708480
1317646561690300160
1317646561793923072
1317646561897533952
1317646562001272576
1317646562104910336
1317646562208504064
1317646562312270336
1317646562415907072
1317646562519475968
1317646562623111936
1317646562726743040
1317646562830320896
1317646562934135040
1317646563037691392
1317646563141316352
1317646563244909824
1317646563348671232
1317646563452266752
1317646563555881472
1317646563661318912
1317646563763261696
1317646563866980608
1317646563970599168
1317646564074341120
1317646564177950976
1317646564281569536
1317646564385183232
1317646564488796928
1317646564592462336
1317646564696161024
1317646564799920128
1317646564903657472
1317646565007249664
1317646565111036416
1317646565214736128
1317646565318352128
1317646565422090496
1317646565525707264
1317646565629442304
1317646565733085440
1317646565836677632
1317646565940413952
1317646566044050432
1317646566147648256
1317646566251392512
1317646566355242496
1317646566459100672
1317646566562458880
1317646566665982976
1317646566769732096
1317646566873334272
1317646566977073920
1317646567080684032
1317646567184301056
1317646567287915008
1317646567391698688
1317646567495276544
1317646567599017472
1317646567702767360
1317646567806510592
1317646567910237184
1317646568013871360
1317646568117603072
1317646568221352192
1317646568325070848
1317646568428813824
1317646568532596480
1317646568636172288
1317646568739910912
1317646568843653120
1317646568947386880
1317646569051130112
1317646569154874368
1317646569258610432
1317646569362375680
1317646569465975296
1317646569569710592
1317646569673336832
1317646569776939520
1317646569880556288
1317646569984299264
1317646570087911424
1317646570191548928
1317646570295266304
1317646570398887936
1317646570502662912
1317646570606241536
1317646570709979904
1317646570813719296
1317646570917342720
1317646571021118208
1317646571124819712
1317646571228536320
1317646571332258048
1317646571435916032
1317646571539528704
1317646571643394560
1317646571747028480
1317646571850805760
1317646571954515456
1317646572058099200
1317646572161846016
1317646572265463808
1317646572369198848
1317646572472816640
1317646572576428032
1317646572680067840
1317646572783786752
1317646572887401728
1317646572991353088
1317646573094760192
1317646573198711040
1317646573301982208
1317646573405606912
1317646573509264128
1317646573612844544
1317646573716500480
1317646573820095232
1317646573923762176
1317646574027334144
1317646574131059200
1317646574234763264
1317646574338362112
1317646574442020352
1317646574545766912
1317646574649430016
1317646574753199360
1317646574856846080
1317646574960476672
1317646575064219392
1317646575167999488
1317646575271596544
1317646575375313152
1317646575479039744
1317646575582659840
1317646575686392064
1317646575790014720
1317646575893763072
1317646575997491456
1317646576101131264
1317646576204851712
1317646576309393664
1317646576412309504
1317646576515824128
1317646576619562752
1317646576723295232
1317646576826714112
1317646576930438912
1317646577033840128
1317646577137299968
1317646577240877056
1317646577344372736
1317646577447884800
1317646577551390208
1317646577654859264
1317646577758354176
1317646577861690368
1317646577965229056
1317646578068683776
1317646578172067072
1317646578275563008
1317646578379085824
1317646578482536448
1317646578586186496
1317646578689748224
1317646578793392640
1317646578897002752
1317646579000717056
1317646579104454144
1317646579207945984
1317646579311775488
1317646579415307008
1317646579519066624
1317646579622791424
1317646579726528000
1317646579830394624
1317646579934133248
1317646580037999104
1317646580142395136
1317646580245966080
1317646580349723136
1317646580453890816
1317646580557600512
1317646580661577728
1317646580765553152
1317646580869547008
1317646580973604608
1317646581077456128
1317646581181455360
1317646581285387264
1317646581389250048
1317646581493140992
1317646581596848896
1317646581700720896
1317646581804460288
1317646581908214272
1317646582011940352
1317646582115685632
1317646582219425792
1317646582323163392
1317646582426781952
1317646582530544896
1317646582634132736
1317646582737753344
1317646582841367552
1317646582945109248
1317646583048723456
1317646583152919296
1317646583255952128
1317646583359568896
1317646583463182080
1317646583566817024
1317646583670439168
1317646583774393856
1317646583877769472
1317646583981631232
1317646584085128448
1317646584188868864
1317646584292886784
1317646584396648960
1317646584499990272
1317646584603730688
1317646584707375360
1317646584811069440
1317646584914793728
1317646585018409216
1317646585122170880
1317646585225768704
1317646585329403392
1317646585433142272
1317646585536740096
1317646585640350720
1317646585744092928
1317646585847709952
1317646585951448832
1317646586055065600
1317646586158680064
1317646586262423296
1317646586366161152
1317646586469796096
1317646586573392384
1317646586677133824
1317646586780899072
1317646586884487168
1317646586988228352
1317646587091974656
1317646587195584000
1317646587299347712
1317646587402964736
1317646587506684160
1317646587610424320
1317646587714042880
1317646587817673472
1317646587921394688
1317646588025008640
1317646588128622848
1317646588232260352
1317646588335981568
1317646588439597568
1317646588543366400
1317646588646952192
1317646588750568960
1317646588854181120
1317646588957944320
1317646589061543680
1317646589165177856
1317646589268918784
1317646589372638720
1317646589476253440
1317646589579870976
1317646589683497984
1317646589787101440
1317646589890735360
1317646589994466816
1317646590098067968
1317646590201686016
1317646590305428736
1317646590409057792
1317646590512783872
1317646590616393728
1317646590720011520
1317646590823628288
1317646590927385600
1317646591030999040
1317646591134638336
1317646591238236672
1317646591341832192
1317646591445484800
1317646591549082624
1317646591652680704
1317646591756299008
1317646591860035584
1317646591963672064
1317646592067264768
1317646592171012864
1317646592274779392
1317646592378365952
1317646592482002432
1317646592585603840
1317646592689428992
1317646592793004800
1317646592896718080
1317646593000305920
1317646593103943424
1317646593207661568
1317646593311276544
1317646593415017728
1317646593518632192
1317646593622390016
1317646593725990400
1317646593829747456
1317646593933345792
1317646594037115392
1317646594140823552
1317646594244455424
1317646594348179200
1317646594452134912
1317646594555785472
1317646594659543296
1317646594763271680
1317646594867140352
1317646594971155712
1317646595074821632
1317646595178812416
1317646595282342912
1317646595386231552
1317646595490037760
1317646595593815040
1317646595697649408
1317646595801317632
1317646595905034496
1317646596008667136
1317646596112310016
1317646596215884800
1317646596319500544
1317646596422991104
1317646596526603520
1317646596630094848
1317646596733587456
1317646596836942592
1317646596941782528
1317646597043831808
1317646597147172352
1317646597250543360
1317646597353901312
1317646597457271040
1317646597560776448
1317646597664259840
1317646597767741952
1317646597871234560
1317646597974846720
1317646598078462208
1317646598181958656
1317646598285569536
1317646598389183744
1317646598492926720
1317646598596539648
1317646598700284672
1317646598804026112
1317646598907657728
1317646599011260160
1317646599115013376
1317646599218658816
1317646599322222336
1317646599425964800
1317646599529745152
1317646599633341696
1317646599736975616
1317646599840678400
1317646599944377088
1317646600048030464
1317646600151864576
1317646600255261952
1317646600358884608
1317646600462653440
1317646600566146048
1317646600669826304
1317646600773470208
1317646600877079040
1317646600980696832
1317646601084311296
1317646601187974912
1317646601291669504
1317646601395283456
1317646601498896384
1317646601602632960
1317646601706275072
1317646601809993984
1317646601913608192
1317646602017349120
1317646602120965888
1317646602224707072
1317646602328322816
1317646602432006144
1317646602535672064
1317646602639311360
1317646602742937856
1317646602846628864
1317646602950331136
1317646603054007296
1317646603157683456
1317646603261256192
1317646603364978176
1317646603468627456
1317646603572204288
1317646603675948544
1317646603779565824
1317646603883305216
1317646603986925056
1317646604090661888
1317646604194360320
1317646604298036224
1317646604401681664
1317646604505370112
1317646604608984832
1317646604712746752
1317646604816341504
1317646604919970304
1317646605023698688
1317646605127437312
1317646605231073024
1317646605334669312
1317646605438411776
1317646605542028288
1317646605645646336
1317646605749403648
1317646605853000960
1317646605956634880
1317646606060235008
1317646606163853568
1317646606267465472
1317646606371202048
1317646606474887424
1317646606578438912
1317646606682046464
1317646606785692160
1317646606889287680
1317646606992957952
1317646607096532992
1317646607200275968
1317646607303871488
1317646607407486976
1317646607511102464
1317646607614757888
1317646607718480896
1317646607822074880
1317646607925812480
1317646608029549568
1317646608133231104
1317646608236912128
1317646608340526848
1317646608444145152
1317646608547937024
1317646608651594752
1317646608755183360
1317646608858875136
1317646608962471680
1317646609066209280
1317646609169920000
1317646609273436160
1317646609377073152
1317646609480692736
1317646609584303360
1317646609687900160
1317646609791575040
1317646609895001600
1317646609998647296
1317646610102113536
1317646610205684992
1317646610309092352
1317646610412583168
1317646610516108800
1317646610619443456
1317646610722804480
1317646610826317824
1317646610929657344
1317646611033151232
1317646611136637184
1317646611240004864
1317646611343495936
1317646611446985728
1317646611550378752
1317646611653856512
1317646611757479424
1317646611861024768
1317646611964569600
1317646612068054784
1317646612171669760
1317646612275288832
1317646612378901504
1317646612482610432
1317646612586129408
1317646612689874432
1317646612793740288
1317646612897627648
1317646613001596416
1317646613105604608
1317646613209701632
1317646613313832960
1317646613418052864
1317646613522187264
1317646613626409728
1317646613730529280
1317646613834644480
1317646613938784000
1317646614042648064
1317646614146585600
1317646614250414848
1317646614354221056
1317646614458009600
1317646614561712640
1317646614665440768
1317646614769187072
1317646614872912640
1317646614976539136
1317646615080308224
1317646615183892736
1317646615287538176
1317646615391246848
1317646615494868480
1317646615598484992
1317646615702225408
1317646615805836288
1317646615909455616
1317646616013124864
1317646616116708864
1317646616220429312
1317646616324065792
1317646616427659776
1317646616531271936
1317646616634887424
1317646616738507008
1317646616842118912
1317646616945737728
1317646617049354752
1317646617153105664
1317646617256707072
1317646617360446720
1317646617464062976
1317646617567819776
1317646617671417344
1317646617775179008
1317646617878772480
1317646617982538752
1317646618086257408
1317646618190013440
1317646618293613056
1317646618397228544
1317646618501015552
1317646618604593152
1317646618708422656
1317646618811955456
1317646618915750400
1317646619019170816
1317646619122786304
1317646619226636544
1317646619330202624
1317646619433799936
1317646619537518080
1317646619641155584
1317646619744751104
1317646619848346368
1317646619951999488
1317646620055734272
1317646620159311872
1317646620263117312
1317646620366788352
1317646620470380032
1317646620574050816
1317646620677705984
1317646620781551872
1317646620885086976
1317646620988614912
1317646621092224768
1317646621196722688
1317646621299550976
1317646621403222016
1317646621506817536
1317646621610592000
1317646621714179072
1317646621817933056
1317646621921545216
1317646622025290240
1317646622129222144
1317646622232676608
1317646622336262912
1317646622440078336
1317646622543600896
1317646622647357440
1317646622751020032
1317646622854684160
1317646622958322432
1317646623062069760
1317646623165661952
1317646623269501440
1317646623373369856
1317646623476822528
1317646623580442112
1317646623684114944
1317646623787933184
1317646623891590656
1317646623995207680
1317646624098829824
1317646624202580480
1317646624306179840
1317646624409921536
1317646624513531904
1317646624617273088
1317646624721015552
1317646624824629760
1317646624928389120
1317646625031986688
1317646625135752704
1317646625239489280
1317646625343084544
1317646625446824960
1317646625550440192
1317646625654181632
1317646625757793792
1317646625861420800
1317646625965020160
1317646626068642560
1317646626172256256
1317646626275875072
1317646626379490304
1317646626483104512
1317646626586722560
1317646626690337024
1317646626794077184
1317646626897709568
1317646627001310720
1317646627104922880
1317646627208538112
1317646627312153344
1317646627415899392
1317646627519510016
1317646627623117568
1317646627726866944
1317646627830504448
1317646627933967104
1317646628037606400
1317646628141201920
1317646628244819456
1317646628348431360
1317646628452172288
1317646628555789056
1317646628659513856
1317646628763162368
1317646628866883328
1317646628970589440
1317646629074137856
1317646629177857024
1317646629281591040
1317646629385239552
1317646629488974848
1317646629592692480
1317646629696328448
1317646629800064768
1317646629903684864
1317646630007284224
1317646630110889984
1317646630214631168
1317646630318252544
1317646630421889024
1317646630525628672
1317646630629242112
1317646630732840192
1317646630836457984
1317646630940081920
1317646631043813632
1317646631147433472
1317646631251038464
1317646631354684416
1317646631458481152
1317646631562026496
1317646631665647616
1317646631769299456
1317646631872864000
1317646631976564224
1317646632080182528
1317646632183728128
1317646632287197184
1317646632390743552
1317646632494059520
1317646632597554432
1317646632700908032
1317646632804295680
1317646632907657216
1317646633011099904
1317646633114363136
1317646633217753088
1317646633321241088
1317646633424724224
1317646633528225024
1317646633631756800
1317646633735185408
1317646633838801408
1317646633942316032
1317646634046038016
1317646634149666048
1317646634253273856
1317646634357407744
1317646634460749568
1317646634564633088
1317646634668570624
1317646634772485888
1317646634876593664
1317646634981028864
1317646635084835840
1317646635188956160
1317646635292936192
1317646635397001728
1317646635500790272
1317646635604656896
1317646635708501504
1317646635812391168
1317646635916252928
1317646636020007680
1317646636123717888
1317646636227465728
1317646636331219456
1317646636434814976
1317646636538555136
1317646636642302720
1317646636745910528
1317646636849668352
1317646636953414656
1317646637057179136
1317646637160870912
1317646637264633600
1317646637368356096
1317646637471971840
1317646637575748352
1317646637679326720
1317646637783095040
1317646637886686976
1317646637990318336
1317646638094040320
1317646638197787392
1317646638301269760
1317646638405508608
1317646638508639232
1317646638612344320
1317646638715883776
1317646638819492352
1317646638923091456
1317646639026708736
1317646639130321920
1317646639234078976
1317646639337676288
1317646639441292032
1317646639545033728
1317646639648646912
1317646639752265472
1317646639855882240
1317646639959619840
1317646640063266048
1317646640166875392
1317646640270465792
1317646640374206976
1317646640477926400
1317646640581591808
1317646640685175040
1317646640788904448
1317646640892560896
1317646640996606720
1317646641099907584
1317646641203506944
1317646641307252224
1317646641410988800
1317646641514604544
1317646641618337280
1317646641721954560
1317646641825580544
1317646641929314560
1317646642032933376
1317646642136545024
1317646642240160768
1317646642343899392
1317646642447536640
1317646642551260928
1317646642655000320
1317646642758625280
1317646642862363392
1317646642966097920
1317646643069863680
1317646643173604096
1317646643277188864
1317646643380941568
1317646643484813056
1317646643588379648
1317646643692052992
1317646643796094208
1317646643899475712
1317646644003637760
1317646644106836736
1317646644210392320
1317646644314006016
1317646644417967360
1317646644521108224
1317646644624710656
1317646644728454912
1317646644832075008
1317646644935796992
1317646645039413760
1317646645143298816
1317646645246899200
1317646645350800896
1317646645454414848
1317646645558678272
1317646645662266880
1317646645766078208
1317646645869458176
1317646645973299968
1317646646077018368
1317646646180674560
1317646646284290304
1317646646388030208
1317646646491785984
1317646646595379712
1317646646699129600
1317646646802741248
1317646646906372352
1317646647009974016
1317646647113713920
1317646647217381376
1317646647321002240
1317646647424559104
1317646647528176128
1317646647631819520
1317646647735512832
1317646647839019776
1317646647942637312
1317646648046378752
1317646648149994752
1317646648253737728
1317646648357349376
1317646648461086976
1317646648564731392
1317646648668320000
1317646648771813120
1317646648875548160
1317646648979040256
1317646649082657024
1317646649186298880
1317646649289888512
1317646649393385984
1317646649496996096
1317646649600632064
1317646649704227840
1317646649807843584
1317646649911456768
1317646650015072512
1317646650118691328
1317646650222304768
1317646650325817856
1317646650429412096
1317646650532924416
1317646650636415232
1317646650739882752
1317646650843371776
1317646650947104256
1317646651050206464
1317646651153622528
1317646651256902912
1317646651360325632
1317646651463714048
1317646651567180800
1317646651670794240
1317646651774287360
1317646651877777920
1317646651981604608
1317646652084878336
1317646652188495872
1317646652291982848
1317646652395618560
1317646652499220224
1317646652602755072
1317646652706455552
1317646652810062848
1317646652913826048
1317646653017423872
1317646653121188096
1317646653224900608
1317646653328645376
1317646653432515072
1317646653536493824
1317646653640364800
1317646653744356352
1317646653848436992
1317646653952352512
1317646654056328704
1317646654160315904
1317646654264183552
1317646654368049152
1317646654471912192
1317646654575670784
1317646654679413248
1317646654783159040
1317646654886874624
1317646654990514432
1317646655094228992
1317646655197842944
1317646655301464064
1317646655405075456
1317646655508780800
1317646655612437760
1317646655716050176
1317646655819782656
1317646655923407872
1317646656027022080
1317646656130634752
1317646656234299648
1317646656337874176
1317646656441486080
1317646656545243392
1317646656648840704
1317646656752580096
1317646656856193536
1317646656959930368
1317646657063551488
1317646657167288064
1317646657271023360
1317646657374666496
1317646657478386176
1317646657582152448
1317646657685865472
1317646657789486080
1317646657893219072
1317646657996838144
1317646658100600320
1317646658204191744
1317646658307815168
1317646658411424256
1317646658515196672
1317646658618780928
1317646658722396416
1317646658826014208
1317646658929759488
1317646659033492224
1317646659137111296
1317646659240855552
1317646659344590592
1317646659448205824
1317646659552015360
1317646659655562496
1317646659759330048
1317646659862920960
1317646659966558208
1317646660070274560
1317646660173889536
1317646660277506816
1317646660381146368
1317646660484760064
1317646660588352512
1317646660692015104
1317646660795703552
1317646660899324160
1317646661002816000
1317646661106460416
1317646661209918464
1317646661313421312
1317646661417043712
1317646661520517888
1317646661624124672
1317646661727622912
1317646661831110656
1317646661934729216
1317646662038220544
1317646662141707520
1317646662245196288
1317646662348685312
1317646662452182784
1317646662555795456
1317646662659284992
1317646662762900992
1317646662866517504
1317646662970134528
1317646663073926400
1317646663177619200
1317646663281242624
1317646663384973312
1317646663488605952
1317646663592323072
1317646663696062208
1317646663799819008
1317646663903415040
1317646664007285248
1317646664111157248
1317646664215011840
1317646664319005440
1317646664423048448
1317646664527005696
1317646664630988288
1317646664735003392
1317646664838963200
1317646664943035136
1317646665046992896
1317646665151145728
1317646665255058432
1317646665359805952
1317646665463298816
1317646665567408640
1317646665671383552
1317646665775498240
1317646665879738112
1317646665983728640
1317646666087846656
1317646666191961856
1317646666295820544
1317646666399810048
1317646666503759872
1317646666607427840
1317646666711256576
1317646666814775808
1317646666918394880
1317646667021887744
1317646667125376256
1317646667228989184
1317646667332603648
1317646667436093696
1317646667539698432
1317646667643198976
1317646667746578432
1317646667850058240
1317646667953472000
1317646668056936960
1317646668160472064
1317646668264020736
1317646668367507968
1317646668471025920
1317646668574493696
1317646668677981184
1317646668781497344
1317646668885090048
1317646668988704768
1317646669092317696
1317646669196060416
1317646669299798016
1317646669403414272
1317646669507031808
1317646669610654976
1317646669714388736
1317646669818001408
1317646669921644800
1317646670025239040
1317646670128975616
1317646670232591360
1317646670336202240
1317646670439819776
1317646670543460352
1317646670647174400
1317646670750835200
1317646670854409984
1317646670958210048
1317646671061785344
1317646671165503488
1317646671269192704
1317646671372763648
1317646671476478976
1317646671580119040
1317646671683931392
1317646671787444736
1317646671891085056
1317646671994822656
1317646672098543616
1317646672202234368
1317646672305899008
1317646672409642752
1317646672513382144
1317646672617001472
1317646672720736768
1317646672824353024
1317646672927963648
1317646673031710208
1317646673135324416
1317646673238941184
1317646673342576384
1317646673446171904
1317646673549786624
1317646673653401088
1317646673757017344
1317646673860634880
1317646673964251904
1317646674067863808
1317646674171608832
1317646674275220992
1317646674378896128
1317646674482445568
1317646674586191616
1317646674689928448
1317646674793596416
1317646674897399296
1317646675000899584
1317646675104415488
1317646675208147968
1317646675311746816
1317646675415388160
1317646675518980608
1317646675622752256
1317646675726551296
1317646675829978880
1317646675933691904
1317646676037322240
1317646676140989696
1317646676244582144
1317646676348473600
1317646676452005120
1317646676555509504
1317646676659124224
1317646676762739968
1317646676866479616
1317646676970184704
1317646677073715456
1317646677177454336
1317646677281193984
1317646677384807680
1317646677488551168
1317646677592291584
1317646677695905536
1317646677799644672
1317646677903384832
1317646678007002880
1317646678110744576
1317646678214356224
1317646678318094848
1317646678421714176
1317646678525455872
1317646678629076992
1317646678732722432
1317646678836300032
1317646678939918336
1317646679043531520
1317646679147285248
1317646679251069184
1317646679354625024
1317646679458363904
1317646679561983488
1317646679665774592
1317646679769385472
1317646679873078272
1317646679976823808
1317646680080562432
1317646680184325632
1317646680288184832
1317646680391907072
1317646680495770880
1317646680599673088
1317646680703377408
1317646680807239168
1317646680911055872
1317646681014725376
1317646681118589440
1317646681222331136
1317646681326070784
1317646681429812480
1317646681533554176
1317646681637170944
1317646681740784384
1317646681844398592
1317646681948036352
1317646682051515392
1317646682154996480
1317646682258486784
1317646682361852416
1317646682465341440
1317646682568711936
1317646682672073728
1317646682775563520
1317646682878931456
1317646682982419968
1317646683085909760
1317646683189285376
1317646683292768768
1317646683396255488
1317646683499748608
1317646683603235072
1317646683706869504
1317646683810344960
1317646683913960960
1317646684017449984
1317646684121201408
1317646684224676864
1317646684328295680
1317646684431932416
1317646684535523072
1317646684639147008
1317646684742757632
1317646684846371072
1317646684950137856
1317646685053729024
1317646685157340416
1317646685261004544
1317646685364694528
1317646685468314880
1317646685571949824
1317646685675545088
1317646685779170560
1317646685882777344
1317646685986514944
1317646686090132736
1317646686193747968
1317646686297363200
1317646686400991744
1317646686504595968
1317646686608335872
1317646686711951104
1317646686815690240
1317646686919310080
1317646687022920960
1317646687126539520
1317646687230154240
1317646687333783808
1317646687437511680
1317646687541126400
1317646687644860416
1317646687748485888
1317646687852100864
1317646687955710464
1317646688059452416
1317646688163077632
1317646688266685952
1317646688370323200
1317646688473914624
1317646688577655040
1317646688681269760
1317646688784886272
1317646688888547072
1317646688992116992
1317646689095725824
1317646689199366912
1317646689302838016
1317646689406451200
1317646689510070784
1317646689613682176
1317646689717176576
1317646689820792832
1317646689924393728
1317646690027898880
1317646690131514624
1317646690235123456
1317646690338787584
1317646690442362112
1317646690545850112
1317646690649465856
1317646690753204224
1317646690856820992
1317646690960456704
1317646691064048640
1317646691167685120
1317646691271285504
1317646691375027456
1317646691478637568
1317646691582258688
1317646691685872640
1317646691789499136
1317646691893104384
1317646691996846336
1317646692100456960
1317646692204073472
1317646692307756288
1317646692411431168
1317646692515043840
1317646692618659840
1317646692722302976
1317646692825883904
1317646692929624832
1317646693033245696
1317646693136985600
1317646693240724224
1317646693344343552
1317646693448106240
1317646693551699456
1317646693655437312
1317646693759059456
1317646693862691328
1317646693966287616
1317646694070029056
1317646694173638400
1317646694277381376
1317646694380871936
1317646694484486656
1317646694588016384
1317646694691472128
1317646694794961920
1317646694898453760
1317646695001943040
1317646695105307392
1317646695208799232
1317646695312230912
1317646695415677952
1317646695519145728
1317646695622632448
1317646695726124288
1317646695829762560
1317646695933232384
1317646696036843520
1317646696140477184
1317646696243952384
1317646696348295680
1317646696451125248
1317646696554696960
1317646696658804992
1317646696761977600
1317646696865601792
1317646696969359616
1317646697073109248
1317646697176635136
1317646697280379904
1317646697384189184
1317646697487963648
1317646697591696640
1317646697695565824
1317646697799559168
1317646697903423232
1317646698007413504
1317646698111282176
1317646698215269120
1317646698319138816
1317646698423127552
1317646698527029504
1317646698630880000
1317646698734722048
1317646698838465024
1317646698942202368
1317646699046426880
1317646699149711104
1317646699253446400
1317646699357043200
1317646699460778752
1317646699564390912
1317646699668011264
1317646699771625472
1317646699875243776
1317646699978856960
1317646700082618368
1317646700186086912
1317646700289829888
1317646700393443072
1317646700497060096
1317646700600673280
1317646700704414208
1317646700808158464
1317646700911894272
1317646701015639552
1317646701119379456
1317646701223120384
1317646701326954496
1317646701430475520
1317646701534211584
1317646701637831424
1317646701741574400
1317646701845184512
1317646701948925440
1317646702052543488
1317646702156155904
1317646702259778560
1317646702363391232
1317646702467002624
1317646702570618112
1317646702674233088
1317646702777854208
1317646702881341952
1317646702984955904
1317646703088596224
1317646703192190208
1317646703295802624
1317646703399419904
1317646703503161088
1317646703606776064
1317646703710516992
1317646703814255104
1317646703917996288
1317646704021739776
1317646704125479168
1317646704229220864
1317646704332830208
1317646704436592384
1317646704540311808
1317646704643932160
1317646704747692032
1317646704851288320
1317646704955022080
1317646705058640384
1317646705162258432
1317646705265750016
1317646705369362432
1317646705472977408
1317646705576497920
1317646705679961600
1317646705783547136
1317646705887102208
1317646705990570240
1317646706094171904
1317646706197932288
1317646706301527552
1317646706405137152
1317646706508901632
1317646706612499968
1317646706716303104
1317646706819915264
1317646706923466240
1317646707027141120
1317646707130700288
1317646707234357504
1317646707337806592
1317646707441418240
1317646707544913152
1317646707648551424
1317646707752145152
1317646707855755264
1317646707959286016
1317646708062864384
1317646708166605568
1317646708270345728
1317646708373963008
1317646708477702144
1317646708581445888
1317646708685060352
1317646708788796672
1317646708892416512
1317646708996157184
1317646709099772416
1317646709203507968
1317646709307127808
1317646709410739968
1317646709514377216
1317646709617972224
1317646709721608448
1317646709825201664
1317646709928816128
1317646710032407296
1317646710135945216
1317646710239437312
1317646710343029248
1317646710446647808
1317646710550136320
1317646710653754368
1317646710757369856
1317646710860980736
1317646710964733952
1317646711068343296
1317646711172120576
1317646711275697408
1317646711379432448
1317646711483177984
1317646711586794240
1317646711690408192
1317646711794147584
1317646711897784576
1317646712001501952
1317646712105114880
1317646712208750080
1317646712312476160
1317646712416091392
1317646712519707648
1317646712623320064
1317646712726980096
1317646712830554112
1317646712934168064
1317646713037784576
1317646713141400064
1317646713244889088
1317646713348627968
1317646713452243712
1317646713555862016
1317646713659602944
1317646713763378688
1317646713866951936
1317646713970701568
1317646714074316032
1317646714178052352
1317646714281670912
1317646714385409792
1317646714489153280
1317646714592765696
1317646714696404480
1317646714800145408
1317646714903734016
1317646715007371776
1317646715110956288
1317646715214581504
1317646715318216448
1317646715421806336
1317646715525418240
1317646715629042944
1317646715732564224
1317646715836154880
1317646715939770368
1317646716043385856
1317646716146877440
1317646716250493696
1317646716354104320
1317646716457721344
1317646716561460736
1317646716665071104
1317646716768808192
1317646716872582912
1317646716976177920
1317646717079909888
1317646717183536640
1317646717287158528
1317646717390878976
1317646717494491904
1317646717598253824
1317646717701854720
1317646717805508352
1317646717909238528
1317646718012821760
1317646718116480768
1317646718220069120
1317646718323665664
1317646718427425024
1317646718531023360
1317646718634683392
1317646718738379264
1317646718842035968
1317646718945757952
1317646719049478912
1317646719153113088
1317646719256833024
1317646719360574208
1317646719464207872
1317646719567805696
1317646719671436544
1317646719775035136
1317646719878522880
1317646719981891328
1317646720085257984
1317646720188498432
1317646720291884288
1317646720395222016
1317646720498613248
1317646720602096128
1317646720705575168
1317646720809073152
1317646720912680192
1317646721016297472
1317646721119908352
1317646721223648768
1317646721327393536
1317646721431135232
1317646721534892288
1317646721638754560
1317646721742622976
1317646721846593024
1317646721950477824
1317646722054323968
1317646722158317568
1317646722262277120
1317646722366050048
1317646722469803008
1317646722573655040
1317646722677405184
1317646722781138176
1317646722884881920
1317646722988495360
1317646723092237056
1317646723195852544
1317646723299463936
1317646723403091200
1317646723506824192
1317646723610453248
1317646723714051328
1317646723817685504
1317646723921283584
1317646724025024768
1317646724128640256
1317646724232402944
1317646724336089600
1317646724439679232
1317646724543353600
1317646724647009792
1317646724750705920
1317646724854449408
1317646724958122752
1317646725061816320
1317646725165656832
1317646725269289984
1317646725373026560
1317646725476766720
1317646725580379904
1317646725684184064
1317646725787759872
1317646725891476992
1317646725995096576
1317646726098830848
1317646726202671104
1317646726306260480
1317646726409814272
1317646726513324032
1317646726617027584
1317646726720646656
1317646726824265728
1317646726928003328
1317646727031644672
1317646727135533312
1317646727238852608
1317646727342467584
1317646727446211584
1317646727549823488
1317646727653442304
1317646727757082624
1317646727860815872
1317646727964412160
1317646728068030208
1317646728171770368
1317646728275383040
1317646728379126272
1317646728482813952
1317646728586480640
1317646728690151936
1317646728793783808
1317646728897451776
1317646729001066240
1317646729104686336
1317646729208299776
1317646729311917568
1317646729415541248
1317646729519272704
1317646729622885632
1317646729726725888
1317646729830366464
1317646729934121216
1317646730037832704
1317646730141588736
1317646730245312512
1317646730348973312
1317646730452665344
1317646730556300544
1317646730660012544
1317646730763774976
1317646730867494912
1317646730971158784
1317646731074974208
1317646731178717696
1317646731282455296
1317646731386215936
1317646731490017792
1317646731593802240
1317646731697445888
1317646731801169920
1317646731904803584
1317646732008440832
1317646732112155136
1317646732215919104
1317646732319511808
1317646732423126784
1317646732526864640
1317646732630480384
1317646732734193920
1317646732837792512
1317646732941202944
1317646733045237760
1317646733148561920
1317646733252172288
1317646733355936768
1317646733459556352
1317646733563149568
1317646733666759936
1317646733770386432
1317646733874014976
1317646733977602816
1317646734081245440
1317646734184711424
1317646734288481024
1317646734391950848
1317646734495622144
1317646734599177728
1317646734702792448
1317646734806437888
1317646734910022144
1317646735013515008
1317646735117127936
1317646735220641536
1317646735324257280
1317646735427726848
1317646735531225344
1317646735634832128
1317646735738320896
1317646735841815296
1317646735945305600
1317646736048796160
1317646736152285184
1317646736255898880
1317646736359411456
1317646736462952704
1317646736566374144
1317646736669989120
1317646736773478144
1317646736876965632
1317646736980458496
1317646737084572160
1317646737187480576
1317646737290927872
1317646737394492160
1317646737498035456
1317646737601526016
1317646737705016832
1317646737808653824
1317646737912119040
1317646738015865344
1317646738119602432
1317646738223220224
1317646738326962944
1317646738430824448
1317646738534689024
1317646738638558976
1317646738742420224
1317646738846289408
1317646738950278656
1317646739054065920
1317646739157755392
1317646739261500672
1317646739365264128
1317646739469106688
1317646739572868096
1317646739676631552
1317646739780474112
1317646739884288000
1317646739987933952
1317646740091697664
1317646740195535616
1317646740299282944
1317646740403025152
1317646740506765824
1317646740610504192
1317646740714264320
1317646740817869056
1317646740921593600
1317646741025229312
1317646741128824576
1317646741232537856
1317646741336058880
1317646741439831040
1317646741543439360
1317646741647155200
1317646741750768128
1317646741854387712
1317646741958005760
1317646742061619200
1317646742165231360
1317646742268975872
1317646742372599296
1317646742476200192
1317646742579818496
1317646742683435520
1317646742787050752
1317646742890667008
1317646742994409472
1317646743098094336
1317646743201650944
1317646743305372928
1317646743408993024
1317646743512613120
1317646743616350464
1317646743719966976
1317646743823802624
1317646743927323648
1317646744030946816
1317646744134666240
1317646744238163712
1317646744341826816
1317646744445400832
1317646744549036288
1317646744652632320
1317646744756246784
1317646744859884032
1317646744963477248
1317646745066960896
1317646745170578432
1317646745274322176
1317646745377959936
1317646745481551360
1317646745585268224
1317646745688846336
1317646745792563968
1317646745896168704
1317646745999877120
1317646746103589632
1317646746207234816
1317646746310875648
1317646746414484736
1317646746518287872
1317646746621828864
1317646746725582336
1317646746829176320
1317646746932884736
1317646747036557312
1317646747140156928
1317646747243766784
1317646747347504896
1317646747451118848
1317646747554737920
1317646747658478848
1317646747762092544
1317646747865710848
1317646747969453312
1317646748073084672
1317646748176806144
1317646748280421632
1317646748384171776
1317646748487773952
1317646748591389440
1317646748695008512
1317646748798767872
1317646748902364416
1317646749006106112
1317646749109718784
1317646749213336064
1317646749316997888
1317646749420578048
1317646749524183296
1317646749627791360
1317646749731431936
1317646749835142656
1317646749938860032
1317646750042595584
1317646750146250240
1317646750249961216
1317646750353696512
1317646750457223168
1317646750560962048
1317646750664575488
1317646750768228352
1317646750871949056
1317646750975713280
1317646751079291136
1317646751183051008
1317646751286772480
1317646751390384128
1317646751494127616
1317646751597765632
1317646751701380864
1317646751805095680
1317646751908710144
1317646752012332800
1317646752116072448
1317646752219559168
1317646752323175168
1317646752426787584
1317646752530411776
1317646752634025216
1317646752737641984
1317646752841257984
1317646752944748288
1317646753048362496
1317646753151897856
1317646753255344384
1317646753358971136
1317646753462220800
1317646753565572608
1317646753669091840
1317646753772515072
1317646753875764736
1317646753979198720
1317646754082393600
1317646754185758720
1317646754288993792
1317646754392422656
1317646754495738112
1317646754599105536
1317646754702482944
1317646754805962240
1317646754909435392
1317646755012926464
1317646755116415744
1317646755219908352
1317646755323649280
1317646755427266048
1317646755531008512
1317646755634747392
1317646755738485504
1317646755842354688
1317646755946215936
1317646756050209280
1317646756154323712
1317646756258443776
1317646756362429952
1317646756466545920
1317646756570532608
1317646756674526720
1317646756778516480
1317646756882504192
1317646756986368512
1317646757090232576
1317646757193977856
1317646757297862400
1317646757401580288
1317646757505196800
1317646757608939520
1317646757712550912
1317646757816170496
1317646757919802112
1317646758023431680
1317646758127017472
1317646758230639104
1317646758334396672
1317646758437983744
1317646758541733632
1317646758645406976
1317646758749097472
1317646758852848896
1317646758957734400
1317646759060177920
1317646759164078336
1317646759267557376
1317646759371289600
1317646759474939904
1317646759578628352
1317646759682259968
1317646759785862400
1317646759889399040
1317646759992843520
1317646760096421376
1317646760199971840
1317646760303503872
1317646760407049984
1317646760510673408
1317646760614284800
1317646760717901568
1317646760821519872
1317646760925129984
1317646761028876800
1317646761132489216
1317646761236228352
1317646761339842816
1317646761443587328
1317646761547203328
1317646761650817792
1317646761754556928
1317646761858172928
1317646761961938176
1317646762065548800
1317646762169267200
1317646762272883456
1317646762376625664
1317646762480390912
1317646762583989504
1317646762687742464
1317646762791460352
1317646762895075840
1317646762998691328
1317646763102433024
1317646763206048512
1317646763309794048
1317646763413280768
1317646763517017344
1317646763620636928
1317646763724254464
1317646763827879168
1317646763931630336
1317646764035222784
1317646764138984960
1317646764242601216
1317646764346318080
1317646764449948416
1317646764553554432
1317646764657286912
1317646764760929280
1317646764864645888
1317646764968263424
1317646765071877888
1317646765175691008
1317646765279357184
1317646765382974976
1317646765486588416
1317646765590331648
1317646765693944576
1317646765797560576
1317646765901299968
1317646766004916736
1317646766108654592
1317646766212273664
1317646766316012800
1317646766419627264
1317646766523366656
1317646766626986752
1317646766730727680
1317646766834467072
1317646766938203136
1317646767041948160
1317646767145563904
1317646767249374976
1317646767353043712
1317646767456679680
1317646767560295168
1317646767664040192
1317646767767651840
1317646767871270400
1317646767974984960
1317646768078603264
1317646768182217472
1317646768285959680
1317646768389600000
1317646768493191936
1317646768596933120
1317646768700587008
1317646768804157696
1317646768907779328
1317646769011392000
1317646769115005696
1317646769218622720
1317646769322114048
1317646769425727744
1317646769529264384
1317646769632716288
1317646769736325376
1317646769839943424
1317646769943431936
1317646770047046912
1317646770150661888
1317646770254275072
1317646770357889792
1317646770461508864
1317646770565126400
1317646770668741632
1317646770772492288
1317646770876100608
1317646770979846912
1317646771083597312
1317646771187318784
1317646771291054848
1317646771394795776
1317646771498537728
1317646771602151936
1317646771705892352
1317646771809636608
1317646771913246976
1317646772016992512
1317646772120607744
1317646772224345600
1317646772327963648
1317646772431723776
1317646772535317504
1317646772638934272
1317646772742677248
1317646772846288640
1317646772950054144
1317646773053664000
1317646773157257216
1317646773260875264
1317646773364484608
1317646773468101888
1317646773571738624
1317646773675453184
1317646773779093504
1317646773882688768
1317646773986303232
1317646774090046720
1317646774193659136
1317646774297421824
1317646774401018368
1317646774504634112
1317646774608372224
1317646774712008704
1317646774815621888
1317646774919222272
1317646775022837248
1317646775126605312
1317646775230291200
1317646775333845760
1317646775437565440
1317646775541180160
1317646775644851456
1317646775748429824
1317646775851898624
1317646775955404800
1317646776058851840
1317646776162356736
1317646776265870336
1317646776369371648
1317646776472853504
1317646776576417024
1317646776679945472
1317646776783548416
1317646776887165696
1317646776991296000
1317646777094585344
1317646777198369792
1317646777302055168
1317646777405878528
1317646777509791488
1317646777613609984
1317646777717523456
1317646777821620992
1317646777925174272
1317646778028997376
1317646778132701952
1317646778236805888
1317646778340163584
1317646778443916288
1317646778547650048
1317646778651279872
1317646778755301120
1317646778858730752
1317646778962405376
1317646779066166272
1317646779169848064
1317646779273454080
1317646779377202688
1317646779480796928
1317646779584542720
1317646779688166656
1317646779791966464
1317646779895532800
1317646779999144192
1317646780102773504
1317646780206485760
1317646780310105344
1317646780413721088
1317646780517356544
1317646780620952064
1317646780724687360
1317646780828314368
1317646780931795200
1317646781035536128
1317646781139157760
1317646781242764288
1317646781346510592
1317646781450247168
1317646781553866496
1317646781657625856
1317646781761308416
1317646781864958208
1317646781968703488
1317646782072319744
1317646782175931392
1317646782279570176
1317646782383163392
1317646782486901760
1317646782590522368
1317646782694135040
1317646782797876224
1317646782901485824
1317646783005104896
1317646783108868864
1317646783212462336
1317646783316080384
1317646783419697920
1317646783523305984
1317646783627043584
1317646783730665728
1317646783834280960
1317646783937896704
1317646784041513216
1317646784145142016
1317646784248891392
1317646784352482304
1317646784456230400
1317646784559849472
1317646784663577088
1317646784767194624
1317646784870912000
1317646784974500352
1317646785078168832
1317646785181835264
1317646785285531648
1317646785389335296
1317646785493004800
1317646785596918016
1317646785700632320
1317646785804474368
1317646785908296960
1317646786011952896
1317646786115875072
1317646786219638784
1317646786323426560
1317646786427254784
1317646786530907648
1317646786634819840
1317646786738726656
1317646786842644992
1317646786946442752
1317646787050235648
1317646787154114816
1317646787257855744
1317646787361517824
1317646787465196800
1317646787568835584
1317646787672424448
1317646787776041984
1317646787879658752
1317646787983272960
1317646788086893056
1317646788190532352
1317646788294126592
1317646788397760256
1317646788501292032
1317646788604854016
1317646788708337152
1317646788811738368
1317646788915209728
1317646789018728960
1317646789122054400
1317646789225280000
1317646789328876544
1317646789431905280
1317646789535274752
1317646789638758912
1317646789742131456
1317646789845644032
1317646789949115904
1317646790052586496
1317646790156076544
1317646790259691520
1317646790363314688
1317646790466939648
1317646790570533888
1317646790674191104
1317646790777769216
1317646790881377280
1317646790985109504
1317646791088738816
1317646791192415744
1317646791296393984
1317646791399706368
1317646791503398912
1317646791607090432
1317646791710701568
1317646791814420224
1317646791918121728
1317646792021656320
1317646792125283584
1317646792228886272
1317646792332499456
1317646792436031488
1317646792539608576
1317646792643223296
1317646792746964480
1317646792850585600
1317646792954189568
1317646793057817600
1317646793161421568
1317646793265166080
1317646793368651008
1317646793472394752
1317646793576013056
1317646793679622656
1317646793783368192
1317646793886982144
1317646793990596352
1317646794094218240
1317646794197980672
1317646794301574912
1317646794405205760
1317646794508798464
1317646794612411904
1317646794716033536
1317646794819649024
1317646794923387648
1317646795027041792
1317646795130620928
1317646795234237440
1317646795337848832
1317646795441718016
1317646795545294848
1317646795648943616
1317646795752634112
1317646795856184832
1317646795959929600
1317646796063559424
1317646796167148544
1317646796270885376
1317646796374400768
1317646796478146560
1317646796581737472
1317646796685358592
1317646796789261312
1317646796892709632
1317646796996378624
1317646797099957504
1317646797203555328
1317646797307606528
1317646797410788608
1317646797514520320
1317646797618288384
1317646797721807104
1317646797825372416
1317646797929148672
1317646798032746752
1317646798136466688
1317646798240209920
1317646798343829760
1317646798447579648
1317646798551325440
1317646798654933248
1317646798758685184
1317646798862278912
1317646798966019840
1317646799069633536
1317646799173247488
1317646799276863488
1317646799380503040
1317646799484118272
1317646799587727104
1317646799691349760
1317646799794940672
1317646799898579456
1317646800002171136
1317646800105913344
1317646800209526272
1317646800313140992
1317646800416886272
1317646800520499200
1317646800624262400
1317646800727855104
1317646800831593984
1317646800935208960
1317646801038827520
1317646801142566144
1317646801246181632
1317646801349920768
1317646801453531392
1317646801557153280
1317646801660933120
1317646801764509952
1317646801868145408
1317646801971863296
1317646802075502336
1317646802179225088
1317646802282838528
1317646802386598656
1317646802490213376
1317646802593831168
1317646802697423104
1317646802801163008
1317646802904779008
1317646803008396288
1317646803112008192
1317646803215626752
1317646803319237120
1317646803422857216
1317646803526600960
1317646803630212096
1317646803733871104
1317646803837465600
1317646803941065472
1317646804044802304
1317646804148435456
1317646804252041984
1317646804355534080
1317646804459139072
1317646804562745600
1317646804666408192
1317646804769986304
1317646804873721856
1317646804977342720
1317646805081102592
1317646805184822016
1317646805288558336
1317646805392301056
1317646805496041728
1317646805599782912
1317646805703520512
1317646805807264256
1317646805911003392
1317646806014745856
1317646806118482176
1317646806222102016
1317646806325839360
1317646806429454848
1317646806533198336
1317646806636806144
1317646806740302592
1317646806843919360
1317646806947598592
1317646807051172864
1317646807154764032
1317646807258256640
1317646807361890304
1317646807465540352
1317646807569101312
1317646807672716800
1317646807776354560
1317646807880069632
1317646807983688704
1317646808087429376
1317646808191045120
1317646808294798080
1317646808398526464
1317646808502142208
1317646808605757440
1317646808709415168
1317646808813112832
1317646808916728576
1317646809020357632
1317646809124084224
1317646809227861248
1317646809331561472
1317646809435180544
1317646809538796544
1317646809642427392
1317646809746151680
1317646809849781504
1317646809953506560
1317646810057122304
1317646810160737536
1317646810264558336
1317646810368093440
1317646810471833856
1317646810575474176
1317646810679063296
1317646810782680320
1317646810886295808
1317646810989908992
1317646811093528576
1317646811197155584
1317646811300882432
1317646811404332800
1317646811507885056
1317646811611577088
1317646811715508736
1317646811818948096
1317646811922342656
1317646812026045440
1317646812129696768
1317646812233336832
1317646812336934912
1317646812440671488
1317646812544405760
1317646812648034048
1317646812751862016
1317646812855656960
1317646812959491328
1317646813063366144
1317646813167328256
1317646813271313920
1317646813375433216
1317646813479549440
1317646813583668224
1317646813687928320
1317646813792042752
1317646813896360192
1317646814000273664
1317646814104467456
1317646814208713216
1317646814312453376
1317646814416817664
1317646814520296960
1317646814623984384
1317646814727780352
1317646814831302144
1317646814935040768
1317646815038756864
1317646815142147328
1317646815245848064
1317646815349499392
1317646815453309184
1317646815556824064
1317646815660111616
1317646815763566336
1317646815866953984
1317646815970440960
1317646816073741568
1317646816177055232
1317646816280312832
1317646816383511040
1317646816486658560
1317646816589907968
1317646816693255680
1317646816796622592
1317646816900088576
1317646817003587072
1317646817107112192
1317646817210598656
1317646817314198784
1317646817417814528
1317646817521448704
1317646817625048576
1317646817728785664
1317646817832506112
1317646817936139264
1317646818039772416
1317646818143498240
1317646818247112448
1317646818350748672
1317646818454470912
1317646818558082048
1317646818661701632
1317646818765443072
1317646818869203712
1317646818972797184
1317646819076537856
1317646819180172288
1317646819283769856
1317646819387509248
1317646819491124992
1317646819594739712
1317646819698355200
1317646819801972736
1317646819905709568
1317646820009450496
1317646820113068544
1317646820216813568
1317646820320422400
1317646820424163072
1317646820527777536
1317646820631413248
1317646820735117568
1317646820838901248
1317646820942434304
1317646821046025728
1317646821149722368
1317646821253338112
1317646821356953600
1317646821460587776
1317646821564184320
1317646821667818496
1317646821771539200
1317646821875247616
1317646821978789120
1317646822082526976
1317646822186248448
1317646822289867776
1317646822393483008
1317646822497099008
1317646822600841984
1317646822704582656
1317646822808196864
1317646822911934208
1317646823015550976
1317646823119166208
1317646823222801920
1317646823326395648
1317646823430031616
1317646823533626368
1317646823637245696
1317646823740855808
1317646823844474112
1317646823948212736
1317646824051851264
1317646824155485184
1317646824259189504
1317646824362801152
1317646824466545152
1317646824570160128
1317646824673899776
1317646824777637376
1317646824881379328
1317646824984996096
1317646825088615936
1317646825192286208
1317646825295860224
1317646825399622912
1317646825503216384
1317646825606819840
1317646825710534144
1317646825814335232
1317646825917915392
1317646826021531392
1317646826125272064
1317646826228908288
1317646826332500736
1317646826436243200
1317646826539858688
1317646826643595520
1317646826747211264
1317646826851177472
1317646826954570496
1317646827058308864
1317646827161793792
1317646827265536768
1317646827369047552
1317646827472642560
1317646827576287744
1317646827679908608
1317646827783489280
1317646827887108352
1317646827990845184
1317646828094465536
1317646828198201600
1317646828301819136
1317646828405560576
1317646828509176832
1317646828612917248
1317646828716530688
1317646828820268288
1317646828923888384
1317646829027626752
1317646829131243264
1317646829234857472
1317646829338473472
1317646829442212864
1317646829545830656
1317646829649572352
1317646829753308928
1317646829857039360
1317646829960779008
1317646830064528384
1317646830168276992
1317646830272150528
1317646830376032256
1317646830479776000
1317646830583505152
1317646830687253504
1317646830790830336
1317646830894566912
1317646830998429696
1317646831102172416
1317646831205938688
1317646831309691136
1317646831413553920
1317646831517275392
1317646831621011456
1317646831724756224
1317646831828493824
1317646831932237056
1317646832035974912
1317646832139717376
1317646832243457792
1317646832347194880
1317646832450812416
1317646832554577920
1317646832658294784
1317646832762057728
1317646832865775104
1317646832969517056
1317646833073132288
1317646833176741376
1317646833280486144
1317646833384102912
1317646833487677696
1317646833590953728
1317646833694468608
1317646833797683712
1317646833901055232
1317646834004300544
1317646834107754240
1317646834211038720
1317646834314429440
1317646834417982976
1317646834521122048
1317646834624578560
1317646834727849472
1317646834831345664
1317646834934836224
1317646835038329088
1317646835141855232
1317646835245432064
1317646835348921856
1317646835452540160
1317646835556147456
1317646835659780352
1317646835763283200
1317646835866887168
1317646835970510592
1317646836073981440
1317646836177596672
1317646836281213440
1317646836384826112
1317646836488586752
1317646836592221440
1317646836695802624
1317646836799530752
1317646836903154176
1317646837006770944
1317646837110409216
1317646837214128384
1317646837317738496
1317646837421478656
1317646837525120256
1317646837628711680
1317646837732456448
1317646837836067328
1317646837939830016
1317646838043425280
1317646838147043072
1317646838250781184
1317646838354394368
1317646838458007296
1317646838561628928
1317646838665238784
1317646838768982784
1317646838872601600
1317646838976216064
1317646839079868416
1317646839183451648
1317646839287060992
1317646839390822656
1317646839494412288
1317646839598030848
1317646839701796096
1317646839805389312
1317646839909150976
1317646840012740864
1317646840116370432
1317646840220100352
1317646840323737344
1317646840427457792
1317646840531084800
1317646840634689024
1317646840738341120
1317646840841980416
1317646840945626880
1317646841049230848
1317646841152767488
1317646841256498432
1317646841360144384
1317646841463757312
1317646841567348480
1317646841670972416
1317646841774703872
1317646841878330368
1317646841981957888
1317646842085553664
1317646842189175296
1317646842292919552
1317646842396773632
1317646842500343040
1317646842603904000
1317646842707639296
1317646842811245312
1317646842915068416
1317646843018779904
1317646843122613248
1317646843226323712
1317646843330191104
1317646843434074368
1317646843537967104
1317646843642010368
1317646843745957888
1317646843849890048
1317646843954008576
1317646844057988864
1317646844162105088
1317646844266226432
1317646844370218752
1317646844474212096
1317646844578074880
1317646844681936896
1317646844785682688
1317646844889541888
1317646844993377024
1317646845096898048
1317646845200606464
1317646845304056064
1317646845407512576
1317646845511079424
1317646845614479872
1317646845717866496
1317646845821343488
1317646845924791296
1317646846028293632
1317646846131804928
1317646846235421440
1317646846339034880
1317646846442653952
1317646846546268160
1317646846649908224
1317646846753437952
1317646846857010688
1317646846960605952
1317646847064350464
1317646847167831808
1317646847271451648
1317646847375062272
1317646847478594048
1317646847582173440
1317646847685788672
1317646847789423104
1317646847893020160
1317646847996508672
1317646848100125184
1317646848203616256
1317646848307232256
1317646848410848000
1317646848514335744
1317646848617855744
1317646848721315840
1317646848824932864
1317646848928558080
1317646849032039168
1317646849135778560
1317646849239396096
1317646849343011840
1317646849446627328
1317646849550243584
1317646849653858816
1317646849757470976
1317646849861090048
1317646849964706560
1317646850068320256
1317646850172066304
1317646850275681792
1317646850379425024
1317646850483037440
1317646850586771968
1317646850690408192
1317646850794130432
1317646850897716992
1317646851001912064
1317646851104934656
1317646851208562944
1317646851312083712
1317646851415739904
1317646851519370240
1317646851622990080
1317646851726669056
1317646851830282240
1317646851934116352
1317646852037516288
1317646852141256192
1317646852244878592
1317646852348909568
1317646852452511232
1317646852555862528
1317646852659482624
1317646852763069184
1317646852866814464
1317646852970454784
1317646853074045696
1317646853177532672
1317646853281147904
1317646853384890624
1317646853488505600
1317646853592120320
1317646853695871744
1317646853799477504
1317646853903091200
1317646854006711040
1317646854110452480
1317646854214064384
1317646854317803776
1317646854421422080
1317646854525161216
1317646854628775168
1317646854732388864
1317646854836021504
1317646854939517440
1317646855043121408
1317646855146603264
1317646855250218752
1317646855353710080
1317646855457199104
1317646855560814336
1317646855664304896
1317646855767795712
1317646855871154432
1317646855974523904
1317646856077907456
1317646856181132544
1317646856284367104
1317646856387610368
1317646856490973696
1317646856594218496
1317646856697602560
1317646856800948224
1317646856904335872
1317646857008243968
1317646857111305984
1317646857214918144
1317646857318403328
1317646857422246400
1317646857525915136
1317646857629649408
1317646857733389824
1317646857837247744
1317646857941169664
1317646858045086720
1317646858149084928
1317646858253086464
1317646858357057280
1317646858461047552
1317646858565051904
1317646858668915200
1317646858772809472
1317646858876641792
1317646858980518912
1317646859084242432
1317646859188103936
1317646859291742720
1317646859395458816
1317646859499077120
1317646859602815744
1317646859706695168
1317646859810065408
1317646859913663488
1317646860017406720
1317646860121296384
1317646860224641536
1317646860328378880
1317646860431995136
1317646860535612672
1317646860639396608
1317646860742962944
1317646860846700544
1317646860950465792
1317646861054058752
1317646861157676544
1317646861261444096
1317646861365057536
1317646861468696576
1317646861572406016
1317646861675998208
1317646861779619072
1317646861883233536
1317646861986850560
1317646862090468096
1317646862194207488
1317646862297820928
1317646862401463040
1317646862505051392
1317646862608794624
1317646862712409344
1317646862816151808
1317646862919762688
1317646863023384320
1317646863127120896
1317646863230739200
1317646863334353920
1317646863438083072
1317646863541584640
1317646863645198592
1317646863748837376
1317646863852552448
1317646863956168960
1317646864059786240
1317646864163398656
1317646864267142144
1317646864370757376
1317646864474373376
1317646864578127360
1317646864681750528
1317646864785366016
1317646864888849152
1317646864992573184
1317646865096187392
1317646865199806464
1317646865303424000
1317646865407047424
1317646865510647552
1317646865614244352
1317646865717767936
1317646865821533440
1317646865924989184
1317646866028643840
1317646866132222208
1317646866235834112
1317646866339452416
1317646866443062784
1317646866546691328
1317646866650228224
1317646866753785600
1317646866857403136
1317646866960896000
1317646867064502272
1317646867168124672
1317646867271617024
1317646867375233536
1317646867478995456
1317646867582460160
1317646867686200320
1317646867789968640
1317646867893430784
1317646867997449472
1317646868100766208
1317646868204295168
1317646868307978496
1317646868411569664
1317646868515217664
1317646868618862592
1317646868722480128
1317646868826097920
1317646868929734144
1317646869033549568
1317646869137076480
1317646869240742144
1317646869344278784
1317646869447908864
1317646869551552768
1317646869655271168
1317646869758882048
1317646869862625280
1317646869966241792
1317646870069984512
1317646870173657088
1317646870277213952
1317646870380847616
1317646870484501760
1317646870588147456
1317646870691676160
1317646870795412736
1317646870899245056
1317646871002646528
1317646871106419712
1317646871210022656
1317646871313643264
1317646871417361920
1317646871520975104
1317646871624717312
1317646871728344064
1317646871832089088
1317646871935686144
1317646872039303680
1317646872143065600
1317646872246653184
1317646872350400768
1317646872454014208
1317646872557755904
1317646872661370880
1317646872765106432
1317646872868725760
1317646872972464896
1317646873076082432
1317646873179823872
1317646873283685120
1317646873387507968
1317646873491166464
1317646873595031296
1317646873698905600
1317646873802948096
1317646873906871296
1317646874010786816
1317646874114595328
1317646874218593024
1317646874322388992
1317646874426184960
1317646874529980928
1317646874633690112
1317646874737529600
1317646874841172992
1317646874945051648
1317646875048680704
1317646875152292096
1317646875256016128
1317646875359620352
1317646875463235584
1317646875566861056
1317646875670460672
1317646875774549504
1317646875877726208
1317646875981192960
1317646876084805120
1317646876188443392
1317646876292031744
1317646876395524608
1317646876499037440
1317646876602382336
1317646876705869056
1317646876809239296
1317646876912604672
1317646877015965952
1317646877119330560
1317646877222821632
1317646877326188288
1317646877429696000
1317646877533195776
1317646877636792064
1317646877740279040
1317646877843895296
1317646877947384064
1317646878050999296
1317646878154557952
1317646878257977856
1317646878361612800
1317646878465234688
1317646878568835328
1317646878672451584
1317646878776113664
1317646878879738624
1317646878983413504
1317646879086920960
1317646879190542592
1317646879294134784
1317646879397751296
1317646879501360128
1317646879604981248
1317646879708598272
1317646879812208896
1317646879915827712
1317646880019444736
1317646880123078144
1317646880226677248
1317646880330292480
1317646880434028544
1317646880537645568
1317646880641260544
1317646880745000192
1317646880848618496
1317646880952232960
1317646881055847424
1317646881159588608
1317646881263202816
1317646881366816512
1317646881470433792
1317646881574176000
1317646881677791488
1317646881781430016
1317646881885140480
1317646881988758784
1317646882092528384
1317646882196005632
1317646882299606272
1317646882403351808
1317646882507433216
1317646882610751232
1317646882714317824
1317646882818025216
1317646882921671424
1317646883025357056
1317646883129037056
1317646883234652416
1317646883336680960
1317646883440041984
1317646883543745280
1317646883647374848
1317646883751057408
1317646883854737920
1317646883958454016
1317646884062219008
1317646884166280960
1317646884269851648
1317646884375114240
1317646884477139968
1317646884581018112
1317646884684819456
1317646884788562944
1317646884892244480
1317646884996027904
1317646885099800832
1317646885203485184
1317646885307142656
1317646885410839552
1317646885514546176
1317646885618205696
1317646885721825024
1317646885825562880
1317646885929289728
1317646886032888320
1317646886136759808
1317646886240275200
1317646886343762432
1317646886447753728
1317646886550876160
1317646886654603520
1317646886757944832
1317646886861450240
1317646886964932864
1317646887068420608
1317646887171907584
1317646887275469056
1317646887378891520
1317646887482381824
1317646887586021632
1317646887689386496
1317646887792852224
1317646887896242688
1317646887999584768
1317646888102948608
1317646888206442240
1317646888309807872
1317646888413046784
1317646888516412416
1317646888619655168
1317646888723017216
1317646888826258176
1317646888929648896
1317646889032988416
1317646889136232448
1317646889239598848
1317646889342836480
1317646889446202368
1317646889549491200
1317646889652808704
1317646889756752128
1317646889859523072
1317646889962855424
1317646890066139392
1317646890169805568
1317646890273014272
1317646890376747520
1317646890480102656
1317646890583597824
1317646890687325440
1317646890790711552
1317646890894375680
1317646890997952000
1317646891101784320
1317646891205358592
1317646891309155328
1317646891412898304
1317646891516821760
1317646891620723968
1317646891724615680
1317646891828641280
1317646891932714752
1317646892036691200
1317646892140654848
1317646892244685312
1317646892348665088
1317646892452841984
1317646892556570880
1317646892660403200
1317646892764287744
1317646892868009728
1317646892971748096
1317646893075490560
1317646893179231232
1317646893282993152
1317646893386712320
1317646893490324992
1317646893594064640
1317646893697682432
1317646893801364736
1317646893904914688
1317646894008556288
1317646894112151552
1317646894215890176
1317646894319509504
1317646894423248384
1317646894526953472
1317646894630604032
1317646894734216192
1317646894837875968
1317646894941595136
1317646895045211904
1317646895148948736
1317646895252544768
1317646895356287488
1317646895459913216
1317646895563513088
1317646895667276032
1317646895770879488
1317646895874548736
1317646895978240512
1317646896081806336
1317646896185334528
1317646896289230080
1317646896392585984
1317646896496476416
1317646896599917824
1317646896703582976
1317646896807273728
1317646896910983168
1317646897014398208
1317646897118083584
1317646897221625088
1317646897325266176
1317646897428839424
1317646897532454400
1317646897636151296
1317646897739809280
1317646897843419648
1317646897947058432
1317646898050654720
1317646898154397952
1317646898258025216
1317646898361650688
1317646898465385984
1317646898568986880
1317646898672735232
1317646898776467712
1317646898880208128
1317646898983844352
1317646899087564800
1317646899191322880
1317646899294919424
1317646899398679040
1317646899502270720
1317646899605889792
1317646899709526784
1317646899813243904
1317646899916864512
1317646900020478464
1317646900124237056
1317646900227834624
1317646900331573248
1317646900435190016
1317646900538929408
1317646900642667520
1317646900746286592
1317646900850027776
1317646900953643264
1317646901057256960
1317646901160868352
1317646901264632320
1317646901368354816
1317646901472051456
1317646901575728128
1317646901679507456
1317646901783184896
1317646901887054848
1317646901990796288
1317646902094594560
1317646902198273536
1317646902302139904
1317646902405946112
1317646902509623296
1317646902613363712
1317646902717102080
1317646902820717056
1317646902924333312
1317646903027951872
1317646903131562752
1317646903235056384
1317646903338673408
1317646903442164224
1317646903545652480
1317646903649144064
1317646903752508416
1317646903855752960
1317646903958998272
1317646904062231040
1317646904165346816
1317646904268588032
1317646904371829760
1317646904475068672
1317646904578454016
1317646904681799680
1317646904785164032
1317646904888655360
1317646904992168448
1317646905095638272
1317646905199302912
1317646905302871296
1317646905406482176
1317646905510096128
1317646905613718528
1317646905717336576
1317646905820964352
1317646905924558080
1317646906028299776
1317646906131921664
1317646906235531008
1317646906339296256
1317646906442884096
1317646906546642176
1317646906650240512
1317646906754002944
1317646906857602304
1317646906961371392
1317646907065524224
1317646907168581120
1317646907272311040
1317646907376014336
1317646907479698688
1317646907583285248
1317646907687031040
1317646907790638592
1317646907894248960
1317646907997865216
1317646908101525760
1317646908205127936
1317646908308861696
1317646908412457472
1317646908516071424
1317646908619811584
1317646908723533824
1317646908827165952
1317646908930809344
1317646909034400256
1317646909138139648
1317646909241773312
1317646909345369600
1317646909449007616
1317646909552601344
1317646909656218112
1317646909759976960
1317646909863721984
1317646909967489536
1317646910070924288
1317646910174671616
1317646910278390528
1317646910382022144
1317646910485640960
1317646910589382912
1317646910692995840
1317646910796699904
1317646910900369664
1317646911004006400
1317646911107604992
1317646911211202560
1317646911314817280
1317646911418430464
1317646911522045184
1317646911625788672
1317646911729401344
1317646911833039104
1317646911936663808
1317646912040249344
1317646912143987712
1317646912247606784
1317646912351344128
1317646912454972672
1317646912558712832
1317646912662314752
1317646912766054656
1317646912869671936
1317646912973416192
1317646913077037824
1317646913180647936
1317646913284381440
1317646913388005632
1317646913491600384
1317646913595229696
1317646913698993408
1317646913802577408
1317646913906355456
1317646914010139392
1317646914113786880
1317646914217234432
1317646914321008384
1317646914424776192
1317646914528212224
1317646914631774976
1317646914735545088
1317646914838862592
1317646914942362368
1317646915045971456
1317646915149496320
1317646915252945152
1317646915356343552
1317646915459555072
1317646915562855680
1317646915666031872
1317646915769149184
1317646915872265984
1317646915975505664
1317646916078997504
1317646916182076672
1317646916285413888
1317646916388769280
1317646916492195840
1317646916595471104
1317646916698946304
1317646916802378752
1317646916905823488
1317646917009315072
1317646917112928256
1317646917216535808
1317646917320282624
1317646917424127232
1317646917528116992
1317646917632107520
1317646917736290816
1317646917840462848
1317646917944663808
1317646918048941824
1317646918153188352
1317646918257427712
1317646918361662720
1317646918465755136
1317646918569839104
1317646918673776896
1317646918777802240
1317646918881620480
1317646918985591040
1317646919089407232
1317646919193427456
1317646919297145088
1317646919400948224
1317646919504689920
1317646919608481024
1317646919712190208
1317646919815922688
1317646919919527168
1317646920023140608
1317646920126876160
1317646920230495488
1317646920334114816
1317646920437731840
1317646920541470976
1317646920645085952
1317646920748723200
1317646920852441088
1317646920956057600
1317646921059696640
1317646921163289344
1317646921266903808
1317646921370535168
1317646921474129408
1317646921577763584
1317646921681358592
1317646921784975360
1317646921888593408
1317646921992220160
1317646922095948288
1317646922199565312
1317646922303179008
1317646922406794752
1317646922510407424
1317646922614168832
1317646922717765120
1317646922821524224
1317646922925133824
1317646923028737024
1317646923132477952
1317646923236090112
1317646923339831552
1317646923443441408
1317646923547064576
1317646923650822400
1317646923754419968
1317646923858178304
1317646923961775104
1317646924065390080
1317646924169133568
1317646924272765184
1317646924376366080
1317646924480101632
1317646924583731712
1317646924687481088
1317646924791072000
1317646924894564352
1317646924998182144
1317646925101734912
1317646925205179904
1317646925308777216
1317646925412269568
1317646925515888640
1317646925619518976
1317646925723245312
1317646925826915840
1317646925930594816
1317646926034563584
1317646926138240768
1317646926241693952
1317646926345447168
1317646926449187584
1317646926553088512
1317646926656532224
1317646926760392448
1317646926864012032
1317646926967758592
1317646927071534080
1317646927175170304
1317646927279155968
1317646927382358272
1317646927486096384
1317646927589692928
1317646927693440000
1317646927797176832
1317646927900914432
1317646928004577024
1317646928108290304
1317646928211907072
1317646928315502592
1317646928419132928
1317646928522606848
1317646928626220800
1317646928729848320
1317646928833451008
1317646928936945664
1317646929040562688
1317646929144051200
1317646929247539456
1317646929351161088
1317646929454645504
1317646929558282496
1317646929661878016
1317646929765493248
1317646929869237248
1317646929972908544
1317646930076503296
1317646930180102144
1317646930283819264
1317646930387435008
1317646930491050240
1317646930594789376
1317646930699180288
1317646930802102016
1317646930905793280
1317646931009424384
1317646931113097216
1317646931216697600
1317646931320243968
1317646931423987200
1317646931527593984
1317646931631198464
1317646931734938624
1317646931838559744
1317646931942312448
1317646932046004736
1317646932149544192
1317646932253310208
1317646932356946688
1317646932460494080
1317646932564234496
1317646932667876096
1317646932771522048
1317646932875096832
1317646932978820608
1317646933082455040
1317646933186213632
1317646933289815040
1317646933393441792
1317646933497111296
1317646933600647680
1317646933704277248
1317646933807893760
1317646933911668480
1317646934015110656
1317646934118861312
1317646934222475264
1317646934326169856
1317646934429706752
1317646934533428224
1317646934637062400
1317646934740657920
1317646934844401152
1317646934948017664
1317646935051631104
1317646935155249152
1317646935258862080
1317646935362499072
1317646935466219776
1317646935569833984
1317646935673449216
1317646935777071104
1317646935880750336
1317646935984384000
1317646936088034560
1317646936191779072
1317646936295411968
1317646936399134976
1317646936502747904
1317646936606483968
1317646936710104576
1317646936813744128
1317646936917459456
1317646937021095168
1317646937124816640
1317646937228451072
1317646937332047616
1317646937435663872
1317646937539296256
1317646937642894592
1317646937746530048
1317646937850146048
1317646937953866496
1317646938057478400
1317646938161218304
1317646938264961280
1317646938368578048
1317646938472335616
1317646938576057856
1317646938679910144
1317646938783661056
1317646938887279104
1317646938991020800
1317646939094761216
1317646939198394624
1317646939301991168
1317646939405604096
1317646939509221120
1317646939612717568
1317646939716333056
1317646939819824384
1317646939923438592
1317646940027056384
1317646940130546432
1317646940234159872
1317646940337795840
1317646940441263104
1317646940544878336
1317646940648375040
1317646940751865344
1317646940855477504
1317646940959096832
1317646941062708736
1317646941166450432
1317646941270064384
1317646941373806592
1317646941477427456
1317646941581287936
1317646941685035264
1317646941788769280
1317646941892509440
1317646941996371712
1317646942100126208
1317646942203729664
1317646942307514880
1317646942411224576
1317646942514822912
1317646942618571776
1317646942722202368
1317646942825993728
1317646942929548032
1317646943033281280
1317646943136911616
1317646943240535552
1317646943344272640
1317646943447864576
1317646943551382272
1317646943654994944
1317646943758583808
1317646943862081792
1317646943965691904
1317646944069181696
1317646944172548096
1317646944276035840
1317646944379469568
1317646944482771456
1317646944586256896
1317646944689623808
1317646944793097216
1317646944896353792
1317646944999846144
1317646945103115776
1317646945206580992
1317646945309944832
1317646945413309696
1317646945516678656
1317646945620168192
1317646945723544320
1317646945827022336
1317646945930575360
1317646946034003456
1317646946137490176
1317646946240984320
1317646946344639744
1317646946448091136
1317646946551725056
1317646946655445760
1317646946759062784
1317646946862801408
1317646946966660864
1317646947070574848
1317646947174273280
1317646947278160640
1317646947381879552
1317646947485744640
1317646947589486080
1317646947693235200
1317646947797083648
1317646947900833280
1317646948004571136
1317646948108335616
1317646948212176896
1317646948316043264
1317646948419912192
1317646948523772928
1317646948627641344
1317646948731409408
1317646948835119616
1317646948938746880
1317646949042479104
1317646949146095616
1317646949249711616
1317646949353342976
1317646949456813056
1317646949560452096
1317646949664067328
1317646949767661824
1317646949871151872
1317646949974770176
1317646950078446336
1317646950181998592
1317646950285609728
1317646950389251840
1317646950492866048
1317646950596459520
1317646950700197888
1317646950803816448
1317646950907457024
1317646951011049216
1317646951114663168
1317646951218279424
1317646951321891584
1317646951425506560
1317646951528999680
1317646951632634624
1317646951736232960
1317646951839869184
1317646951943513088
1317646952047099904
1317646952150689024
1317646952254309376
1317646952357925888
1317646952461535488
1317646952565154304
1317646952668799488
1317646952772384512
1317646952876124928
1317646952979734272
1317646953083353088
1317646953186967552
1317646953290585344
1317646953394201088
1317646953497837312
1317646953601433600
1317646953705043200
1317646953808678144
1317646953912277248
1317646954015902208
1317646954119571200
1317646954223125248
1317646954326740736
1317646954430351104
1317646954533979392
1317646954637588992
1317646954741077248
1317646954844696320
1317646954948320000
1317646955051920640
1317646955155534848
1317646955259158528
1317646955362766336
1317646955466390528
1317646955570001920
1317646955673503744
1317646955777105920
1317646955880720896
1317646955984211968
1317646956087827200
1317646956191444224
1317646956295080448
1317646956398715648
1317646956502287360
1317646956605781248
1317646956709398016
1317646956813132288
1317646956916752384
1317646957020392192
1317646957123984640
1317646957227597568
1317646957331214592
1317646957434828032
1317646957539185152
1317646957642103808
1317646957745681408
1317646957849294848
1317646957952931328
1317646958056542208
1317646958160160512
1317646958263764992
1317646958367370496
1317646958471106560
1317646958574726144
1317646958678361856
1317646958781956096
1317646958885568000
1317646958989188608
1317646959092807168
1317646959196416768
1317646959300258304
1317646959403714048
1317646959507271680
1317646959610902272
1317646959714496256
1317646959818154496
1317646959921828096
1317646960025335552
1317646960128956928
1317646960232574720
1317646960336188672
1317646960439930112
1317646960543545856
1317646960647161088
1317646960750777600
1317646960854388992
1317646960958007808
1317646961061619456
1317646961165233920
1317646961268727040
1317646961372341504
1317646961475954944
1317646961579450112
1317646961683082240
1317646961786680832
1317646961890418432
1317646961994034176
1317646962097664256
1317646962201265664
1317646962304953088
1317646962408529408
1317646962512130816
1317646962615938560
1317646962719467520
1317646962823083264
1317646962926694656
1317646963030444800
1317646963134049536
1317646963237672960
1317646963341298432
1317646963444926464
1317646963548516608
1317646963652133120
1317646963755749632
1317646963859243008
1317646963962879744
1317646964066470400
1317646964170088960
1317646964273702912
1317646964377320704
1317646964480983552
1317646964584443904
1317646964688042752
1317646964791652352
1317646964895289856
1317646964998894848
1317646965102533376
1317646965206117888
1317646965309731328
1317646965413467392
1317646965517106432
1317646965620695552
1317646965724440064
1317646965828078592
1317646965931801344
1317646966035415808
1317646966139029504
1317646966242782208
1317646966346405120
1317646966449998080
1317646966553617408
1317646966657255424
1317646966760847360
1317646966864465152
1317646966968080384
1317646967071699200
1317646967175302912
1317646967278947072
1317646967382539520
1317646967486033920
1317646967589668608
1317646967693260032
1317646967796770816
1317646967900372224
1317646968004001280
1317646968107598336
1317646968211266560
1317646968314826752
1317646968418441472
1317646968522060544
1317646968625673984
1317646968729428736
1317646968833031936
1317646968936662016
1317646969040261120
1317646969143877632
1317646969247616256
1317646969351233280
1317646969454848000
1317646969558586624
1317646969662216448
1317646969765944320
1317646969869561088
1317646969973240320
1317646970076793088
1317646970180533504
1317646970284146432
1317646970387886080
1317646970491511808
1317646970595124224
1317646970698757376
1317646970802473728
1317646970906113024
1317646971009707264
1317646971113318144
1317646971216814592
1317646971320425216
1317646971424043520
1317646971527684352
1317646971631400448
1317646971735015168
1317646971838632704
1317646971942241792
1317646972045997056
1317646972149603840
1317646972253217792
1317646972356979200
1317646972460573952
1317646972564320512
1317646972667931392
1317646972771682560
1317646972875286016
1317646972979025920
1317646973082661888
1317646973186257664
1317646973289745664
1317646973393363968
1317646973497001984
1317646973600607744
1317646973704205568
1317646973807864064
1317646973911442944
1317646974015056384
1317646974118694144
1317646974222411520
1317646974326025728
1317646974429765376
1317646974533381888
1317646974637042176
1317646974740612096
1317646974844351488
1317646974947966464
1317646975051589632
1317646975155209728
1317646975258819840
1317646975362431232
1317646975466048512
1317646975569783552
1317646975673274624
1317646975776915456
1317646975880530688
1317646975984123904
1317646976087738368
1317646976191229952
1317646976294846976
1317646976398460416
1317646976502074624
1317646976605711360
1317646976709311232
1317646976812946688
1317646976916539392
1317646977020153600
1317646977123785984
1317646977227381760
1317646977330994688
1317646977434881536
1317646977538234112
1317646977641711872
1317646977745329664
1317646977848948992
1317646977952584960
1317646978056184576
1317646978159797504
1317646978263405824
1317646978367027968
1317646978470643712
1317646978574379520
1317646978678016768
1317646978781613568
1317646978885226752
1317646978988914176
1317646979092462336
1317646979196078336
1317646979299815936
1317646979403433472
1317646979507052288
1317646979610672640
1317646979714405120
1317646979818021120
1317646979921631488
1317646980025267968
1317646980128875008
1317646980232605440
1317646980336221440
1317646980439835392
1317646980543451392
1317646980647070464
1317646980750700288
1317646980854422272
1317646980957913088
1317646981061653248
1317646981165290496
1317646981268774656
1317646981372500992
1317646981476116224
1317646981579729152
1317646981683365888
1317646981786963712
1317646981890578432
1317646981994317824
1317646982097932288
1317646982201568512
1317646982305187072
1317646982408926720
1317646982512519936
1317646982616157696
1317646982719749376
1317646982823365888
1317646982926981888
1317646983030723072
1317646983134355200
1317646983237958912
1317646983341572864
1317646983445194496
1317646983548806144
1317646983652419840
1317646983756038656
1317646983859678976
1317646983963350016
1317646984066875136
1317646984170637568
1317646984274230272
1317646984377887488
1317646984481477632
1317646984585085440
1317646984688860928
1317646984792452608
1317646984896052992
1317646984999685376
1317646985103410176
1317646985207023104
1317646985310639360
1317646985414253056
1317646985517868544
1317646985621610240
1317646985725224960
1317646985828963072
1317646985932581632
1317646986036216576
1317646986139812096
1317646986243476992
1317646986347120384
1317646986450653696
1317646986554274304
1317646986657888256
1317646986761689856
1317646986865054976
1317646986968630528
1317646987072159232
1317646987175588608
1317646987279224320
1317646987382697216
1317646987486199296
1317646987589728512
1317646987693203456
1317646987796791040
1317646987900331520
1317646988003893760
1317646988107395072
1317646988210996224
1317646988314544128
1317646988418224640
1317646988521841408
1317646988625587200
1317646988729325312
1317646988833198592
1317646988936810240
1317646989040597248
1317646989144176640
1317646989247908352
1317646989351646208
1317646989455386112
1317646989559254528
1317646989663124480
1317646989766986496
1317646989870976768
1317646989975227648
1317646990078952960
1317646990182813952
1317646990286682368
1317646990390547968
1317646990494320896
1317646990598039552
1317646990701788416
1317646990805513472
1317646990909319680
1317646991012871424
1317646991116484608
1317646991220099584
1317646991323767808
1317646991427267328
1317646991530820608
1317646991634445312
1317646991738055168
1317646991841817600
1317646991945285888
1317646992049021440
1317646992152659200
1317646992256253184
1317646992359874304
1317646992463486208
1317646992567230208
1317646992670838784
1317646992774458880
1317646992878074112
1317646992981565440
1317646993085097216
1317646993188665600
1317646993292159744
1317646993395651584
1317646993499163392
1317646993602631680
1317646993706145792
1317646993809736192
1317646993913230336
1317646994016718336
1317646994120331520
1317646994223866880
1317646994327323392
1317646994430805504
1317646994534422016
1317646994637912064
1317646994741399552
1317646994845035008
1317646994948599296
1317646995052090112
1317646995155494400
1317646995259102208
1317646995362719232
1317646995466332928
1317646995569957632
1317646995673561344
1317646995777177600
1317646995880725760
1317646995984282112
1317646996087895040
1317646996191513344
1317646996295135232
1317646996398893824
1317646996502492416
1317646996606358528
1317646996710173184
1317646996813932032
1317646996917575168
1317646997021423104
1317646997125096704
1317646997228929280
1317646997332753152
1317646997436549632
1317646997540263680
1317646997644006144
1317646997747627264
1317646997851386880
1317646997954979072
1317646998058747392
1317646998162358784
1317646998265991424
1317646998369694976
1317646998473189376
1317646998576800000
1317646998680415488
1317646998784154880
1317646998887768576
1317646998991386624
1317646999095026176
1317646999198742016
1317646999302359040
1317646999406096640
1317646999509714176
1317646999613328896
1317646999717068544
1317646999820687104
1317646999924318720
1317647000027940864
1317647000131657728
1317647000235274496
1317647000338888448
1317647000442730496
1317647000546251776
1317647000649877760
1317647000753469184
1317647000857086464
1317647000960701696
1317647001064342272
1317647001168071424
1317647001271673088
1317647001375162880
1317647001478781184
1317647001582393344
1317647001686016256
1317647001789624832
1317647001893243648
1317647001996866560
1317647002100473344
1317647002204086784
1317647002307708672
1317647002411316736
1317647002515059968
1317647002618672896
1317647002722273280
1317647002826031616
1317647002929650176
1317647003033266176
1317647003137000192
1317647003240623616
1317647003344236544
1317647003447851264
1317647003551462912
1317647003654957568
1317647003758618624
1317647003862219008
1317647003965866240
1317647004069412352
1317647004173157888
1317647004276771840
1317647004380515072
1317647004484126464
1317647004587872000
1317647004691489024
1317647004795222784
1317647004898839040
1317647005002483456
1317647005106078208
1317647005209686016
1317647005313305600
1317647005416919040
1317647005520659200
