1317388330526401024
1317388330630156032
1317388330733755904
1317388330837309184
1317388330940883968
1317388331044520704
1317388331148115200
1317388331251616000
1317388331355319296
1317388331458902784
1317388331562504960
1317388331666266368
1317388331769911552
1317388331873751040
1317388331977524736
1317388332081502464
1317388332185634048
1317388332289293824
1317388332393490432
1317388332497361664
1317388332602788608
1317388332705516544
1317388332809502720
1317388332913473536
1317388333017506816
1317388333121630208
1317388333225613824
1317388333329589760
1317388333433635328
1317388333537648128
1317388333641622272
1317388333745971456
1317388333849968384
1317388333953867776
1317388334057993472
1317388334161876480
1317388334268435712
1317388334369923328
1317388334473760512
1317388334577785344
1317388334681687296
1317388334785672704
1317388334889583616
1317388334994203136
1317388335097850368
1317388335202767360
1317388335305163776
1317388335409043200
1317388335512877824
1317388335616772096
1317388335720645632
1317388335824552448
1317388335928398336
1317388336032285696
1317388336136157952
1317388336240019456
1317388336343877632
1317388336447750400
1317388336551685888
1317388336655504128
1317388336759534592
1317388336863319040
1317388336967506944
1317388337071913472
1317388337175131136
1317388337279039232
1317388337382906368
1317388337486804224
1317388337590708992
1317388337694561792
1317388337798258944
1317388337902149376
1317388338005881600
1317388338110287360
1317388338213428480
1317388338317166592
1317388338421018624
1317388338524881920
1317388338628798464
1317388338732630528
1317388338836512768
1317388338940379648
1317388339044262912
1317388339148121344
1317388339252144896
1317388339356308224
1317388339459948800
1317388339564434432
1317388339667508480
1317388339771280384
1317388339875183360
1317388339978942720
1317388340082718720
1317388340186369024
1317388340291260416
1317388340395405824
1317388340497533440
1317388340601334528
1317388340705034240
1317388340808765440
1317388340912581120
1317388341016261376
1317388341120029952
1317388341223800576
1317388341327512832
1317388341431384064
1317388341535169792
1317388341638885632
1317388341742637056
1317388341846436096
1317388341950179072
1317388342054048768
1317388342157824256
1317388342261533440
1317388342365454080
1317388342469362688
1317388342572673024
1317388342676258816
1317388342779999744
1317388342883762176
1317388342987387904
1317388343091137024
1317388343194786560
1317388343298510848
1317388343402135296
1317388343505889280
1317388343609512704
1317388343713264128
1317388343817134080
1317388343920620032
1317388344024409856
1317388344128126208
1317388344231913216
1317388344335628032
1317388344439303424
1317388344543047680
1317388344646670848
1317388344750899456
1317388344854030336
1317388344957662464
1317388345064785920
1317388345165030912
1317388345268793344
1317388345372520704
1317388345476402688
1317388345580144128
1317388345683891712
1317388345787636992
1317388345891435776
1317388345995249920
1317388346099079680
1317388346202907392
1317388346306771200
1317388346410503936
1317388346514398720
1317388346618304256
1317388346722100224
1317388346825904384
1317388346929768704
1317388347033662464
1317388347137509888
1317388347241393408
1317388347345249024
1317388347449146112
1317388347553131008
1317388347656936704
1317388347760647168
1317388347864507904
1317388347968781312
1317388348072190976
1317388348175761664
1317388348279523840
1317388348383452160
1317388348486932224
1317388348590542080
1317388348694288384
1317388348798039296
1317388348901821440
1317388349005505792
1317388349109299968
1317388349213024768
1317388349316659200
1317388349420480000
1317388349524184064
1317388349627911680
1317388349731670016
1317388349835542784
1317388349939294720
1317388350043013888
1317388350146899968
1317388350252126976
1317388350354652928
1317388350458399744
1317388350562351872
1317388350666170624
1317388350769950208
1317388350873764608
1317388350977697024
1317388351081407744
1317388351185155584
1317388351289099008
1317388351394990336
1317388351496400384
1317388351600396032
1317388351704017152
1317388351808201728
1317388351911410688
1317388352015157504
1317388352118891520
1317388352223245568
1317388352326390528
1317388352430060800
1317388352533820416
1317388352637532416
1317388352741395456
1317388352845140480
1317388352948987648
1317388353052768768
1317388353156531200
1317388353262320128
1317388353364294656
1317388353468136448
1317388353572162560
1317388353676216576
1317388353780023552
1317388353884017408
1317388353988018688
1317388354091916800
1317388354195889920
1317388354299831296
1317388354403649024
1317388354507642624
1317388354611516416
1317388354715392256
1317388354819266048
1317388354923014400
1317388355026898432
1317388355130643712
1317388355234519296
1317388355338269184
1317388355442019072
1317388355545766656
1317388355649523968
1317388355753265920
1317388355856902144
1317388355960647168
1317388356064270848
1317388356168037888
1317388356271766016
1317388356375387392
1317388356479165952
1317388356582893824
1317388356686644992
1317388356790416896
1317388356894143488
1317388356997895168
1317388357101661440
1317388357205411072
1317388357309263360
1317388357413036544
1317388357516910080
1317388357620764160
1317388357724638976
1317388357828542464
1317388357932389120
1317388358036336896
1317388358140054016
1317388358243903744
1317388358347651072
1317388358451425024
1317388358555148032
1317388358659035648
1317388358762928128
1317388358866450432
1317388358970150912
1317388359073902592
1317388359177551104
1317388359281383168
1317388359384956416
1317388359488711168
1317388359592309760
1317388359696035840
1317388359799681024
1317388359903303680
1317388360007037440
1317388360110810624
1317388360214453504
1317388360318160384
1317388360421898496
1317388360525679872
1317388360629278720
1317388360733141760
1317388360836864256
1317388360940584192
1317388361044298496
1317388361148298752
1317388361251839488
1317388361355585024
1317388361459297280
1317388361563090176
1317388361666777856
1317388361770532608
1317388361874272000
1317388361978114304
1317388362081804800
1317388362185569792
1317388362289291008
1317388362393022208
1317388362496796160
1317388362602188288
1317388362704214272
1317388362807806464
1317388362911576064
1317388363015182080
1317388363118941440
1317388363222559232
1317388363326335232
1317388363429951488
1317388363533652736
1317388363637305856
1317388363741151232
1317388363844845568
1317388363948396800
1317388364052174592
1317388364155770624
1317388364259524608
1317388364363258880
1317388364467313920
1317388364571248384
1317388364674281472
1317388364778031616
1317388364881782016
1317388364985539584
1317388365089416704
1317388365193211392
1317388365296802304
1317388365400582912
1317388365504304896
1317388365608160512
1317388365711909888
1317388365815658752
1317388365919483136
1317388366023283456
1317388366127064064
1317388366230791168
1317388366334532608
1317388366438282752
1317388366542034688
1317388366645781504
1317388366749642752
1317388366853222144
1317388366957093376
1317388367060807936
1317388367164545536
1317388367268403200
1317388367372235520
1317388367475989504
1317388367579753728
1317388367683432192
1317388367787166976
1317388367890908672
1317388367994663424
1317388368098398464
1317388368202148096
1317388368306152448
1317388368410715136
1317388368513580288
1317388368617367296
1317388368721030912
1317388368824683264
1317388368928412416
1317388369032151808
1317388369136128256
1317388369239702272
1317388369343469312
1317388369447170816
1317388369551077376
1317388369654815488
1317388369758528768
1317388369862329856
1317388369966111232
1317388370069967104
1317388370173704192
1317388370277559040
1317388370381303040
1317388370485068544
1317388370589725184
1317388370692556032
1317388370796438016
1317388370900166400
1317388371004219136
1317388371107754496
1317388371211441920
1317388371315198720
1317388371418941696
1317388371522686720
1317388371626537728
1317388371730347520
1317388371834035200
1317388371937943808
1317388372041830400
1317388372145573632
1317388372249501184
1317388372353202944
1317388372456947712
1317388372560830720
1317388372664576000
1317388372768279040
1317388372872158464
1317388372976096256
1317388373080272128
1317388373183454976
1317388373287308288
1317388373391047168
1317388373494825472
1317388373598533376
1317388373702496256
1317388373806152704
1317388373909916672
1317388374013671680
1317388374117575680
1317388374221191168
1317388374324862464
1317388374428571904
1317388374532291584
1317388374636015872
1317388374739701248
1317388374843325696
1317388374948193024
1317388375050686976
1317388375154424320
1317388375258357504
1317388375362067712
1317388375466674688
1317388375569463552
1317388375674878464
1317388375776943104
1317388375880737536
1317388375984448000
1317388376088167168
1317388376191919104
1317388376295659264
1317388376399420672
1317388376503043584
1317388376607087360
1317388376710662656
1317388376814194432
1317388376917860864
1317388377021615616
1317388377125322752
1317388377229046016
1317388377332796416
1317388377436545792
1317388377540296960
1317388377644059136
1317388377748055552
1317388377851911168
1317388377955618560
1317388378059322368
1317388378163222528
1317388378266978816
1317388378370866688
1317388378474674432
1317388378578547456
1317388378682415616
1317388378786334208
1317388378890731008
1317388378993967872
1317388379097822976
1317388379201601792
1317388379305365248
1317388379409050112
1317388379512838400
1317388379616550912
1317388379720162560
1317388379823947264
1317388379927571968
1317388380031299584
1317388380135040512
1317388380238669568
1317388380342413056
1317388380446045184
1317388380549666048
1317388380653413376
1317388380757165056
1317388380860912640
1317388380964687872
1317388381068410880
1317388381172299008
1317388381276167424
1317388381380038912
1317388381483789824
1317388381587666944
1317388381691538432
1317388381795309824
1317388381899040000
1317388382002793728
1317388382106542592
1317388382210289920
1317388382314043136
1317388382417692928
1317388382521415168
1317388382625166592
1317388382728793856
1317388382832542976
1317388382936417536
1317388383040298496
1317388383144170240
1317388383248042496
1317388383352044288
1317388383455916288
1317388383559670784
1317388383663418624
1317388383767038976
1317388383870793984
1317388383974416128
1317388384078184192
1317388384181792256
1317388384285418752
1317388384389044224
1317388384492667392
1317388384596294400
1317388384699917312
1317388384803544576
1317388384907170560
1317388385010796032
1317388385114418176
1317388385218041344
1317388385321794304
1317388385425419520
1317388385529166592
1317388385632918016
1317388385736667904
1317388385840542720
1317388385944422144
1317388386048423168
1317388386152421120
1317388386256453376
1317388386360545792
1317388386464669184
1317388386568667136
1317388386672798976
1317388386776939008
1317388386880918016
1317388386984923904
1317388387088935424
1317388387192795904
1317388387296794624
1317388387400672000
1317388387504552960
1317388387608293120
1317388387712181248
1317388387815918592
1317388387919672832
1317388388023421440
1317388388127045376
1317388388230816000
1317388388334425344
1317388388438044672
1317388388541817856
1317388388645423872
1317388388749173504
1317388388852932608
1317388388956675072
1317388389060424192
1317388389164296960
1317388389268048128
1317388389371799808
1317388389475549952
1317388389579299584
1317388389683046144
1317388389786927616
1317388389890671616
1317388389994426112
1317388390098174720
1317388390201933568
1317388390305799936
1317388390409551104
1317388390513420800
1317388390617176064
1317388390721063936
1317388390824798464
1317388390928675072
1317388391032460544
1317388391136335616
1317388391240207616
1317388391343936768
1317388391447703808
1317388391551672832
1317388391655391488
1317388391759116288
1317388391862897408
1317388391966552064
1317388392070330368
1317388392174197504
1317388392278037504
1317388392381693952
1317388392485448192
1317388392589204480
1317388392693016320
1317388392796746752
1317388392900445184
1317388393004213504
1317388393107951616
1317388393211726080
1317388393315443200
1317388393419179264
1317388393523016448
1317388393626791168
1317388393730362368
1317388393834108928
1317388393937825792
1317388394041674496
1317388394145218816
1317388394248936192
1317388394352563968
1317388394456313600
1317388394559993088
1317388394663689984
1317388394767428864
1317388394871175936
1317388394975010816
1317388395078776832
1317388395182633216
1317388395286350080
1317388395390116608
1317388395493849088
1317388395597610496
1317388395701320704
1317388395805314816
1317388395908828416
1317388396012519168
1317388396116194304
1317388396219961856
1317388396323713024
1317388396427442944
1317388396531198464
1317388396634934272
1317388396738556160
1317388396842348032
1317388396946101760
1317388397049750784
1317388397153452800
1317388397257194496
1317388397360989184
1317388397464701184
1317388397568433152
1317388397672291840
1317388397775980544
1317388397879865856
1317388397983654912
1317388398087446016
1317388398191316736
1317388398295610112
1317388398399244032
1317388398503072768
1317388398607114496
1317388398711076096
1317388398815070464
1317388398919069184
1317388399023069696
1317388399126939648
1317388399230944256
1317388399334820352
1317388399438589440
1317388399542441984
1317388399646216192
1317388399750070784
1317388399853819392
1317388399957687808
1317388400061432576
1317388400165314816
1317388400268864256
1317388400372610560
1317388400476514816
1317388400580273920
1317388400683828736
1317388400787603968
1317388400891369216
1317388400994969856
1317388401098760192
1317388401202362624
1317388401306073856
1317388401409697280
1317388401513443840
1317388401617057280
1317388401720805888
1317388401824636928
1317388401928387840
1317388402032116992
1317388402135851008
1317388402239769344
1317388402343447296
1317388402447324416
1317388402551070720
1317388402654695424
1317388402758459904
1317388402862081536
1317388402965840128
1317388403069490944
1317388403173100032
1317388403276843776
1317388403380453120
1317388403484061952
1317388403587846912
1317388403691597056
1317388403795333376
1317388403899092224
1317388404002811648
1317388404106667008
1317388404210344960
1317388404314153984
1317388404417948672
1317388404521707520
1317388404625436672
1317388404729187840
1317388404832940544
1317388404936775936
1317388405040570112
1317388405144246272
1317388405247873536
1317388405351583744
1317388405455351040
1317388405559036160
1317388405662707456
1317388405766487040
1317388405870082816
1317388405973861120
1317388406077470464
1317388406181092864
1317388406284855808
1317388406388598528
1317388406492208640
1317388406595937792
1317388406699561216
1317388406803393536
1317388406906998272
1317388407010749696
1317388407114504960
1317388407218153216
1317388407321717248
1317388407425474048
1317388407529200384
1317388407632825344
1317388407736563968
1317388407840228608
1317388407943838208
1317388408047567872
1317388408151281408
1317388408254893568
1317388408358537472
1317388408462099456
1317388408565753600
1317388408669334784
1317388408773067008
1317388408876703232
1317388408980420864
1317388409084249088
1317388409187850496
1317388409292029952
1317388409395205888
1317388409498831360
1317388409608184576
1317388409706323456
1317388409809969408
1317388409913727744
1317388410017478144
1317388410121325824
1317388410224973312
1317388410328735232
1317388410432527872
1317388410536187648
1317388410639832832
1317388410743569664
1317388410847425280
1317388410951140608
1317388411054844672
1317388411158628864
1317388411262253568
1317388411365986816
1317388411469930752
1317388411573532672
1317388411677232640
1317388411780955392
1317388411884754432
1317388411988462336
1317388412092262656
1317388412196024320
1317388412299767296
1317388412403351552
1317388412507079168
1317388412610840064
1317388412714580480
1317388412818195712
1317388412922036480
1317388413025738240
1317388413129456384
1317388413233306624
1317388413336853248
1317388413440606720
1317388413544415232
1317388413648120576
1317388413751860224
1317388413855608064
1317388413959332608
1317388414063176704
1317388414166830848
1317388414270583040
1317388414374335488
1317388414478073088
1317388414581977088
1317388414685591808
1317388414789245952
1317388414892969216
1317388414996698880
1317388415100537600
1317388415204349184
1317388415308178944
1317388415411852032
1317388415515904768
1317388415619450368
1317388415723169024
1317388415826786816
1317388415930503936
1317388416034248448
1317388416137827072
1317388416241601024
1317388416345333504
1317388416449096448
1317388416552719616
1317388416656513792
1317388416760239872
1317388416863984896
1317388416967710208
1317388417071409664
1317388417175110656
1317388417278712064
1317388417382463488
1317388417486211840
1317388417589862656
1317388417693587200
1317388417797215744
1317388417900959232
1317388418004610560
1317388418108206336
1317388418211952128
1317388418315575296
1317388418419329280
1317388418523078912
1317388418626700288
1317388418730453504
1317388418834203904
1317388418937828352
1317388419041456128
1317388419145221376
1317388419248827904
1317388419352579840
1317388419456337408
1317388419560076544
1317388419663828480
1317388419767454464
1317388419871206912
1317388419974955520
1317388420078616320
1317388420182201600
1317388420285971456
1317388420389605120
1317388420493348864
1317388420597087744
1317388420700721920
1317388420804454656
1317388420908242944
1317388421011953920
1317388421115704576
1317388421219472128
1317388421323203584
1317388421426953984
1317388421530701824
1317388421634458112
1317388421738083072
1317388421841850368
1317388421945579520
1317388422049327616
1317388422153080832
1317388422256705536
1317388422360459008
1317388422464207872
1317388422567953152
1317388422671706624
1317388422775580672
1317388422879349504
1317388422983205632
1317388423086958080
1317388423190833408
1317388423294724608
1317388423398503168
1317388423502330624
1317388423606084096
1317388423709956096
1317388423813835264
1317388423917725952
1317388424021582848
1317388424125352960
1317388424229221120
1317388424333084928
1317388424436832256
1317388424540708608
1317388424644460032
1317388424748334592
1317388424852086528
1317388424955960064
1317388425059712256
1317388425163607296
1317388425267456512
1317388425371334144
1317388425475211264
1317388425579087360
1317388425682955008
1317388425786958592
1317388425890834944
1317388425994716416
1317388426098707968
1317388426202585088
1317388426306585600
1317388426410460416
1317388426514462464
1317388426618458880
1317388426722464768
1317388426826458880
1317388426930587648
1317388427034712064
1317388427138838528
1317388427242978560
1317388427347207936
1317388427451337728
1317388427555464448
1317388427659586304
1317388427763712768
1317388427867837952
1317388427971838208
1317388428075879680
1317388428179964160
1317388428283959296
1317388428387989248
1317388428491837952
1317388428595731456
1317388428699463424
1317388428803233792
1317388428906963968
1317388429010588672
1317388429114214912
1317388429217965312
1317388429321713920
1317388429425479424
1317388429529214720
1317388429632965120
1317388429736715776
1317388429840590336
1317388429944573440
1317388430048564480
1317388430152563968
1317388430256474880
1317388430360483840
1317388430464466688
1317388430568463872
1317388430672464896
1317388430776464640
1317388430880467456
1317388430984465408
1317388431088483584
1317388431192441856
1317388431296359936
1317388431400217344
1317388431503967232
1317388431607711744
1317388431711336960
1317388431815087360
1317388431918713344
1317388432022469376
1317388432126233344
1317388432229837568
1317388432333608192
1317388432437338624
1317388432541112320
1317388432644872448
1317388432748589312
1317388432852474112
1317388432956214528
1317388433059964672
1317388433163751424
1317388433267608576
1317388433371369216
1317388433475091968
1317388433578841344
1317388433682593536
1317388433786340864
1317388433889969408
1317388433993719296
1317388434097465088
1317388434201113344
1317388434304845056
1317388434408595456
1317388434512344064
1317388434615971840
1317388434719593216
1317388434823344384
1317388434926969088
1317388435030720512
1317388435134472192
1317388435238094336
1317388435341840640
1317388435445593600
1317388435549342720
1317388435652993280
1317388435756841984
1317388435860597760
1317388435964346112
1317388436068091648
1317388436171842048
1317388436275597568
1317388436379592448
1317388436483148800
1317388436586886656
1317388436690599680
1317388436794345728
1317388436898091776
1317388437001867776
1317388437105625856
1317388437209405184
1317388437313221376
1317388437416994048
1317388437520738304
1317388437624525056
1317388437728220672
1317388437832072704
1317388437935596288
1317388438039350272
1317388438143092480
1317388438247113984
1317388438350695680
1317388438454237696
1317388438557974016
1317388438661721856
1317388438765344768
1317388438869093376
1317388438972844288
1317388439076596480
1317388439180363264
1317388439284246528
1317388439387886336
1317388439491743744
1317388439595557888
1317388439699508224
1317388439803146496
1317388439906863616
1317388440010659840
1317388440114365696
1317388440218116864
1317388440321850368
1317388440426744320
1317388440529392896
1317388440633138688
1317388440737007360
1317388440840755200
1317388440944515840
1317388441048264960
1317388441152017920
1317388441255926784
1317388441359612416
1317388441463477248
1317388441567469824
1317388441671173888
1317388441774886400
1317388441878737152
1317388441982586112
1317388442086358528
1317388442190099712
1317388442293939200
1317388442397623296
1317388442501324288
1317388442605009920
1317388442708728064
1317388442814523648
1317388442916253696
1317388443019991552
1317388443123744768
1317388443227492352
1317388443331279360
1317388443435022592
1317388443538939648
1317388443642700288
1317388443746363648
1317388443850239488
1317388443953984000
1317388444057779712
1317388444161662976
1317388444265528064
1317388444369413632
1317388444473230080
1317388444577107712
1317388444681125376
1317388444785115904
1317388444889246464
1317388444993432320
1317388445097570304
1317388445201829376
1317388445306056960
1317388445410341888
1317388445514536192
1317388445618626560
1317388445722872064
1317388445827104000
1317388445931249152
1317388446035901696
1317388446139514880
1317388446243566080
1317388446347496704
1317388446451641600
1317388446555829760
1317388446659512832
1317388446764697600
1317388446867410688
1317388446971286272
1317388447075002624
1317388447178785280
1317388447282502656
1317388447386118144
1317388447489754880
1317388447593375232
1317388447697010944
1317388447800657664
1317388447904274688
1317388448007988224
1317388448111618816
1317388448215356160
1317388448318855680
1317388448422483456
1317388448525980416
1317388448629629696
1317388448733359104
1317388448836984832
1317388448940728832
1317388449044359680
1317388449148109312
1317388449251859712
1317388449355484672
1317388449459238656
1317388449563110144
1317388449666866944
1317388449770604800
1317388449874249472
1317388449977985280
1317388450081736704
1317388450185483008
1317388450289109760
1317388450392860672
1317388450496484608
1317388450600131840
1317388450703857664
1317388450807506432
1317388450911233280
1317388451014879488
1317388451118608128
1317388451222237696
1317388451325880320
1317388451429611008
1317388451533108224
1317388451636878592
1317388451740510720
1317388451844238592
1317388451947984896
1317388452051736320
1317388452155483648
1317388452259235584
1317388452362985984
1317388452466737408
1317388452570486528
1317388452674238976
1317388452777988352
1317388452881734656
1317388452985613056
1317388453089363712
1317388453193238528
1317388453297117696
1317388453401001472
1317388453504883712
1317388453608756736
1317388453712612608
1317388453816362496
1317388453920235520
1317388454023990528
1317388454127862784
1317388454231656448
1317388454335506688
1317388454439382528
1317388454543113728
1317388454646883840
1317388454750754304
1317388454854489600
1317388454958254592
1317388455061987840
1317388455165739264
1317388455269508096
1317388455373249024
1317388455476989184
1317388455580739840
1317388455684615168
1317388455788361984
1317388455892135168
1317388455995841024
1317388456099491840
1317388456203248896
1317388456306988544
1317388456410614016
1317388456514366720
1317388456618117376
1317388456721935616
1317388456825614336
1317388456929363712
1317388457032988160
1317388457136747008
1317388457240523776
1317388457344240640
1317388457447967232
1317388457551614720
1317388457655367424
1317388457759134720
1317388457862868480
1317388457966495744
1317388458070263296
1317388458173995520
1317388458277619456
1317388458381355520
1317388458484993024
1317388458588616192
1317388458692369408
1317388458796117760
1317388458899746304
1317388459003491072
1317388459107123456
1317388459210865152
1317388459314567680
1317388459418219264
1317388459521866240
1317388459625496832
1317388459729244672
1317388459832994816
1317388459936742912
1317388460040499456
1317388460144242944
1317388460247992064
1317388460351744256
1317388460455506176
1317388460559139584
1317388460662868736
1317388460766616832
1317388460870244864
1317388460973995776
1317388461077742592
1317388461181370624
1317388461285121024
1317388461388886272
1317388461492490752
1317388461596386560
1317388461700137728
1317388461803890688
1317388461907512320
1317388462011245312
1317388462114867968
1317388462218620160
1317388462322389760
1317388462425997312
1317388462529747968
1317388462633373696
1317388462736996864
1317388462840752128
1317388462944371456
1317388463048144384
1317388463151870208
1317388463255497728
1317388463359248640
1317388463462874368
1317388463566510592
1317388463670143232
1317388463773872896
1317388463877502464
1317388463981248256
1317388464084995840
1317388464188624896
1317388464292393216
1317388464396123392
1317388464499750656
1317388464603500288
1317388464707249664
1317388464810874112
1317388464914625536
1317388465018257920
1317388465121999360
1317388465225746432
1317388465329517312
1317388465433257728
1317388465537019136
1317388465640747520
1317388465744500992
1317388465848373248
1317388465952126208
1317388466055872256
1317388466159502336
1317388466263252480
1317388466366997248
1317388466470632192
1317388466574250496
1317388466677998080
1317388466781626368
1317388466885373952
1317388466989126400
1317388467092876288
1317388467196623104
1317388467300394752
1317388467404126464
1317388467507770624
1317388467611498752
1317388467715125760
1317388467818875648
1317388467922627840
1317388468026395136
1317388468129998592
1317388468233752832
1317388468337375232
1317388468441124352
1317388468544751104
1317388468648507648
1317388468752269056
1317388468856002816
1317388468959756288
1317388469063499776
1317388469167374848
1317388469271126016
1317388469374880512
1317388469478625792
1317388469582377216
1317388469686129664
1317388469790001408
1317388469893754624
1317388469997504256
1317388470101253888
1317388470204876544
1317388470308631040
1317388470412376576
1317388470516124672
1317388470619878400
1317388470723506688
1317388470827254528
1317388470931002368
1317388471034626816
1317388471138377472
1317388471242003968
1317388471345751552
1317388471449507840
1317388471553132288
1317388471656876544
1317388471760632064
1317388471864399360
1317388471968130048
1317388472071896576
1317388472175508480
1317388472279272704
1317388472383004416
1317388472486629376
1317388472590381312
1317388472694132992
1317388472797883136
1317388472901757184
1317388473005505280
1317388473109131776
1317388473212889344
1317388473316503552
1317388473420132608
1317388473523878912
1317388473627508480
1317388473731134464
1317388473834879744
1317388473938508288
1317388474042257408
1317388474146018816
1317388474249653760
1317388474353401600
1317388474457009920
1317388474560759296
1317388474664388864
1317388474768133632
1317388474871792384
1317388474975505152
1317388475079134720
1317388475182884352
1317388475286635008
1317388475390382080
1317388475494258432
1317388475598005760
1317388475701762304
1317388475805505792
1317388475909258240
1317388476013008896
1317388476116777728
1317388476220386048
1317388476324133632
1317388476427756288
1317388476531507200
1317388476635154432
1317388476738884096
1317388476842510336
1317388476946262016
1317388477049887488
1317388477153634304
1317388477257260032
1317388477361012480
1317388477464761344
1317388477568381184
1317388477672134144
1317388477775761920
1317388477879509760
1317388477983265024
1317388478087011328
1317388478190746880
1317388478294385408
1317388478398155520
1317388478501886720
1317388478605644032
1317388478709385472
1317388478813138432
1317388478916760320
1317388479020547072
1317388479124301056
1317388479228031232
1317388479331759616
1317388479435394048
1317388479539155456
1317388479642757888
1317388479746511104
1317388479850262528
1317388479953889280
1317388480057638656
1317388480161282816
1317388480265014272
1317388480368765440
1317388480472510208
1317388480576139008
1317388480679889408
1317388480783641344
1317388480887390976
1317388480991136512
1317388481094766592
1317388481198512128
1317388481302140416
1317388481405887232
1317388481509516800
1317388481613262336
1317388481716890112
1317388481820638464
1317388481924409088
1317388482028158208
1317388482131886080
1317388482235514112
1317388482339391744
1317388482443016704
1317388482546766080
1317388482650513664
1317388482754266624
1317388482857911040
1317388482961639168
1317388483065273600
1317388483169033216
1317388483272642816
1317388483376267776
1317388483479908864
1317388483583643648
1317388483687267584
1317388483790889216
1317388483894649600
1317388483998392064
1317388484102015232
1317388484205769472
1317388484309517056
1317388484413139456
1317388484516890624
1317388484620643072
1317388484724398080
1317388484828017408
1317388484931910656
1317388485035663872
1317388485139398144
1317388485243288064
1317388485347144704
1317388485451144960
1317388485555038208
1317388485659038976
1317388485763019008
1317388485867025408
1317388485971161856
1317388486075266560
1317388486179395328
1317388486283640064
1317388486387768064
1317388486491896832
1317388486596017408
1317388486700146432
1317388486804270592
1317388486908395008
1317388487012537856
1317388487116644864
1317388487220912896
1317388487325029632
1317388487429164800
1317388487533271552
1317388487637269248
1317388487741272064
1317388487845270272
1317388487949148160
1317388488053020928
1317388488156898816
1317388488260893952
1317388488364647168
1317388488468520704
1317388488572270592
1317388488676148736
1317388488779895296
1317388488883769088
1317388488987520512
1317388489091269376
1317388489195036672
1317388489298770688
1317388489402520832
1317388489506145536
1317388489609917696
1317388489713520128
1317388489817273344
1317388489920898304
1317388490024523008
1317388490128146176
1317388490231649024
1317388490335272192
1317388490438900480
1317388490542546176
1317388490646151424
1317388490749774080
1317388490853400064
1317388490956898816
1317388491060525312
1317388491164273408
1317388491267901184
1317388491371648768
1317388491475272704
1317388491579047936
1317388491682790400
1317388491786523136
1317388491890150912
1317388491993896960
1317388492097652992
1317388492201399296
1317388492305152000
1317388492408916480
1317388492512646912
1317388492616293632
1317388492720023040
1317388492823648256
1317388492927403776
1317388493031023616
1317388493134785280
1317388493238545664
1317388493342273792
1317388493445901056
1317388493549654016
1317388493653401344
1317388493757152256
1317388493860898816
1317388493964653056
1317388494068399104
1317388494172168960
1317388494275902720
1317388494379654144
1317388494483277824
1317388494587028480
1317388494690777344
1317388494794528768
1317388494898277376
1317388495002047232
1317388495105670400
1317388495209401088
1317388495313127424
1317388495416922880
1317388495520753920
