1317388565639101952
1317388565742974464
1317388565846847232
1317388565950976000
1317388566054973952
1317388566159101440
1317388566263221504
1317388566367347456
1317388566471597568
1317388566575723520
1317388566679871744
1317388566783975168
1317388566888100096
1317388566992248832
1317388567096225792
1317388567200225792
1317388567304230400
1317388567408099328
1317388567511976704
1317388567615867904
1317388567719601152
1317388567823224576
1317388567926995968
1317388568030601216
1317388568134228736
1317388568237852416
1317388568341375232
1317388568444975872
1317388568548477184
1317388568651977728
1317388568755601408
1317388568859225088
1317388568962852096
1317388569066473216
1317388569170103040
1317388569273860096
1317388569377497344
1317388569481239040
1317388569584875776
1317388569688602880
1317388569792351488
1317388569896103680
1317388569999853056
1317388570103643392
1317388570207500032
1317388570311375616
1317388570415229952
1317388570519226880
1317388570623249920
1317388570727227648
1317388570831124992
1317388570934979072
1317388571038854144
1317388571142729728
1317388571246501888
1317388571350352384
1317388571454105088
1317388571557853952
1317388571661476864
1317388571765232384
1317388571868875008
1317388571972604416
1317388572076230400
1317388572179981568
1317388572283606528
1317388572387356160
1317388572490980096
1317388572594605824
1317388572698106624
1317388572801856256
1317388572905479424
1317388573009231616
1317388573112854016
1317388573216502784
1317388573320104704
1317388573423757056
1317388573527376640
1317388573630982656
1317388573734735104
1317388573838491136
1317388573942232320
1317388574046108160
1317388574149857280
1317388574253730304
1317388574357484288
1317388574461234432
1317388574564984832
1317388574668731392
1317388574772606720
1317388574876380672
1317388574980109056
1317388575083857152
1317388575187609600
1317388575291257344
1317388575394984704
1317388575498732032
1317388575602610688
1317388575706368768
1317388575810234112
1317388575914107904
1317388576017982208
1317388576121863168
1317388576225607936
1317388576329488384
1317388576433234432
1317388576537108224
1317388576640856576
1317388576744492288
1317388576848231936
1317388576951988480
1317388577055733248
1317388577159491072
1317388577263108352
1317388577366902784
1317388577470610432
1317388577574358528
1317388577678034432
1317388577781738752
1317388577885485056
1317388577989254656
1317388578092984320
1317388578196736256
1317388578300489472
1317388578404155392
1317388578507862272
1317388578611506688
1317388578715274496
1317388578819028992
1317388578922779392
1317388579026532864
1317388579130236672
1317388579233991168
1317388579337865984
1317388579441595392
1317388579545363712
1317388579649133824
1317388579752905216
1317388579856739072
1317388579960635392
1317388580064491776
1317388580168361472
1317388580272221440
1317388580376012032
1317388580479864576
1317388580583611136
1317388580687363840
1317388580791114496
1317388580894865152
1317388580998635008
1317388581102385664
1317388581206239232
1317388581309992192
1317388581413738752
1317388581517489664
1317388581621261824
1317388581725146880
1317388581828863744
1317388581932615936
1317388582036364288
1317388582140136448
1317388582243865600
1317388582347741696
1317388582451487488
1317388582555264256
1317388582659115520
1317388582762866432
1317388582866617088
1317388582970509824
1317388583074242560
1317388583178142976
1317388583281993216
1317388583385738752
1317388583489637376
1317388583593367296
1317388583697238016
1317388583800988928
1317388583904867072
1317388584008684032
1317388584112483328
1317388584216261376
1317388584320096256
1317388584423966464
1317388584527621376
1317388584631468288
1317388584735139840
1317388584838992128
1317388584942624768
1317388585046493184
1317388585150246912
1317388585253871872
1317388585357492480
1317388585461243904
1317388585564773120
1317388585668515328
1317388585771989248
1317388585875745536
1317388585979491584
1317388586083124992
1317388586186870784
1317388586290620160
1317388586394367488
1317388586498244864
1317388586601996032
1317388586705869056
1317388586809743104
1317388586913625600
1317388587017629184
1317388587121622528
1317388587225502208
1317388587329519616
1317388587433377536
1317388587537372416
1317388587641252608
1317388587745247232
1317388587849170176
1317388587952999424
1317388588056869120
1317388588160621568
1317388588264497664
1317388588368267008
1317388588471999232
1317388588575624448
1317388588679246080
1317388588782873344
1317388588886518528
1317388588990126592
1317388589093746944
1317388589197370112
1317388589301123072
1317388589404751104
1317388589508499712
1317388589612121344
1317388589715878912
1317388589819645696
1317388589923262720
1317388590027000576
1317388590130746880
1317388590234497024
1317388590338374912
1317388590442214912
1317388590545884416
1317388590649646592
1317388590753374464
1317388590857146624
1317388590960874752
1317388591064621824
1317388591168496128
1317388591272315136
1317388591376124160
1317388591479898368
1317388591583624192
1317388591687249408
1317388591790997504
1317388591894643456
1317388591998255104
1317388592101896960
1317388592205716480
1317388592309396224
1317388592412999168
1317388592516774400
1317388592620377088
1317388592724124928
1317388592827887360
1317388592931627776
1317388593035376640
1317388593139124992
1317388593243000832
1317388593346878464
1317388593450753024
1317388593554626560
1317388593658502912
1317388593762379008
1317388593866248960
1317388593970006016
1317388594073875200
1317388594177750784
1317388594281525504
1317388594385256192
1317388594489004288
1317388594592897792
1317388594696625920
1317388594800376320
1317388594904003840
1317388595007753728
1317388595111627520
1317388595215401984
1317388595319273472
1317388595423006464
1317388595526879232
1317388595630757376
1317388595734628352
1317388595838382336
1317388595942148864
1317388596045879552
1317388596149505280
1317388596253127680
1317388596356881408
1317388596460507136
1317388596564257536
1317388596667883264
1317388596771629312
1317388596875401472
1317388596979152896
1317388597082754304
1317388597186515200
1317388597290128896
1317388597393891328
1317388597497633024
1317388597601380352
1317388597705132544
1317388597808755200
1317388597912506880
1317388598016254720
1317388598120010240
1317388598223630336
1317388598327383296
1317388598431003904
1317388598534759424
1317388598638509312
1317388598742267136
1317388598845880832
1317388598949633536
1317388599053383936
1317388599157272064
1317388599260879872
1317388599364635648
1317388599468385792
1317388599572154624
1317388599675760128
1317388599779511040
1317388599883134464
1317388599986884096
1317388600090632192
1317388600194260992
1317388600298011392
1317388600401635584
1317388600505384448
1317388600609134336
1317388600713012224
1317388600816657408
1317388600920383488
1317388601024154624
1317388601127760128
1317388601231507968
1317388601335261184
1317388601438886400
1317388601542633728
1317388601646281728
1317388601750008320
1317388601853632256
1317388601957387776
1317388602061138944
1317388602164886272
1317388602268636160
1317388602372383232
1317388602476142848
1317388602579887872
1317388602683638528
1317388602787388160
1317388602891141632
1317388602994759168
1317388603098511872
1317388603202136064
1317388603305762816
1317388603409384192
1317388603513138944
1317388603616896768
1317388603720636672
1317388603824385792
1317388603928263680
1317388604032263936
1317388604136261376
1317388604240264448
1317388604344265984
1317388604448388352
1317388604552388352
1317388604656262400
1317388604760261376
1317388604864138752
1317388604968013824
1317388605071759360
1317388605175512832
1317388605279259392
1317388605382923264
1317388605486663424
1317388605590392576
1317388605694144256
1317388605797764864
1317388605901517056
1317388606005265664
1317388606109016064
1317388606212641792
1317388606316386048
1317388606420139264
1317388606523892480
1317388606627513856
1317388606731267840
1317388606834892544
1317388606938518016
1317388607042264320
1317388607145891840
1317388607249640448
1317388607353267200
1317388607457020672
1317388607560641536
1317388607664406016
1317388607768018432
1317388607871768576
1317388607975388928
1317388608079144448
1317388608182890240
1317388608286518016
1317388608390280704
1317388608493894400
1317388608597644544
1317388608701391616
1317388608805157632
1317388608908895488
1317388609012665344
1317388609116433152
1317388609220143616
1317388609324042240
1317388609427790592
1317388609531535360
1317388609635166464
1317388609739057152
1317388609842665216
1317388609946396928
1317388610050143232
1317388610153894912
1317388610257642496
1317388610361434368
1317388610465263616
1317388610568894976
1317388610672646400
1317388610776436992
1317388610880145664
1317388610983916544
1317388611087646208
1317388611191394304
1317388611295271424
1317388611399018752
1317388611502772480
1317388611606519040
1317388611710395392
1317388611814149120
1317388611917895168
1317388612021773312
1317388612125644288
1317388612229522944
1317388612333274368
1317388612437150208
1317388612541022464
1317388612644899072
1317388612748770560
1317388612852658432
1317388612956519680
1317388613060272640
1317388613164150272
1317388613267897088
1317388613371772416
1317388613475540224
1317388613579271680
1317388613683024128
1317388613786791424
1317388613890521088
1317388613994151680
1317388614097900544
1317388614201648384
1317388614305289984
1317388614409043712
1317388614512648448
1317388614616400640
1317388614720031232
1317388614823770880
1317388614927423232
1317388615031148544
1317388615134902784
1317388615238526720
1317388615342274816
1317388615445897472
1317388615549649664
1317388615653276416
1317388615757096448
1317388615860681216
1317388615964401920
1317388616068090112
1317388616171794432
1317388616275554560
1317388616379310080
1317388616483087872
1317388616586700544
1317388616690297856
1317388616794056448
1317388616897659136
1317388617001411072
1317388617105031168
1317388617208779008
1317388617312423680
1317388617416027136
1317388617519775488
1317388617623400704
1317388617727153408
1317388617830775808
1317388617934529280
1317388618038276096
1317388618142028288
1317388618245778432
1317388618349533696
1317388618453277440
1317388618557030912
1317388618660779008
1317388618764531712
1317388618868281856
1317388618972029440
1317388619075655680
1317388619179405824
1317388619283153920
1317388619386906624
1317388619490653184
1317388619594405888
1317388619698155264
1317388619801906432
1317388619905654272
1317388620009280512
1317388620113032960
1317388620216672000
1317388620320411648
1317388620424157696
1317388620527905792
1317388620631778816
1317388620735528960
1317388620839279872
1317388620943156480
1317388621046907904
1317388621150780672
1317388621254529536
1317388621358279680
1317388621462033664
1317388621565778944
1317388621669531392
1317388621773156352
1317388621876906752
1317388621980677632
1317388622084446976
1317388622188175872
1317388622292046080
1317388622395778816
1317388622499538176
1317388622603381760
1317388622707157504
1317388622810993152
1317388622914663936
1317388623018428416
1317388623122159104
1317388623225908736
1317388623329659392
1317388623433402624
1317388623537302272
1317388623641031424
1317388623744907008
1317388623848784384
1317388623952537088
1317388624056407296
1317388624160157440
1317388624264036096
1317388624367781888
1317388624471785472
1317388624575681280
1317388624679533056
1317388624783409408
1317388624887287296
1317388624991158272
1317388625094912000
1317388625198660864
1317388625302409984
1317388625406036992
1317388625509784832
1317388625613411328
1317388625717182464
1317388625820906240
1317388625924662528
1317388626028410880
1317388626132161792
1317388626235909376
1317388626339684608
1317388626443283712
1317388626547059456
1317388626650702080
1317388626754434816
1317388626858041088
1317388626961787392
1317388627065533184
1317388627169287936
1317388627272924672
1317388627376705280
1317388627480413696
1317388627584166144
1317388627687941376
1317388627791714304
1317388627895500288
1317388627999158272
1317388628103059200
1317388628207035904
1317388628310913792
1317388628414914816
1317388628518932224
1317388628622789120
1317388628726662912
1317388628830538240
1317388628934539008
1317388629038412032
1317388629142286848
1317388629246163968
1317388629349915136
1317388629453785600
1317388629557541632
1317388629661287680
1317388629765060352
1317388629868788992
1317388629972412416
1317388630076167680
1317388630179811840
1317388630283537408
1317388630387183616
1317388630490789632
1317388630594416384
1317388630698164480
1317388630801809664
1317388630905417472
1317388631009166592
1317388631112795904
1317388631216539904
1317388631320164352
1317388631423913472
1317388631527668224
1317388631631292928
1317388631735041280
1317388631838793728
1317388631942414080
1317388632046169856
1317388632149793024
1317388632253415936
1317388632357191168
1317388632460793088
1317388632564542208
1317388632668167680
1317388632771918080
1317388632875540480
1317388632979169536
1317388633082791680
1317388633186418944
1317388633290185984
1317388633393793280
1317388633497419264
1317388633601184768
1317388633704792576
1317388633808424704
1317388633912167424
1317388634015799040
1317388634119418624
1317388634223168512
1317388634326921472
1317388634430670336
1317388634534420480
1317388634638171648
1317388634741943552
1317388634845673472
1317388634949422080
1317388635053047808
1317388635156796928
1317388635260546048
1317388635364422912
1317388635468172800
1317388635571942400
1317388635675819776
1317388635779671296
1317388635883423744
1317388635987298304
1317388636091045888
1317388636194921984
1317388636298674176
1317388636402429184
1317388636506296064
1317388636609922560
1317388636713796608
1317388636817545728
1317388636921296384
1317388637025052416
1317388637128674304
1317388637232432128
1317388637336300032
1317388637440054528
1317388637543822080
1317388637647571200
1317388637751299328
1317388637855048960
1317388637958799616
1317388638062549504
1317388638166299904
1317388638270048256
1317388638373800192
1317388638477569536
1317388638581299456
1317388638685049344
1317388638788800256
1317388638892550912
1317388638996321280
1317388639100174592
1317388639204056320
1317388639307924992
1317388639411799296
1317388639515799552
1317388639619696896
1317388639723548928
1317388639827553792
1317388639931426816
1317388640035302144
1317388640139207680
1317388640242924288
1317388640346927104
1317388640450802432
1317388640554556160
1317388640658428416
1317388640762428160
1317388640866201088
1317388640970054400
1317388641073924096
1317388641177675776
1317388641281303296
1317388641385055232
1317388641488678912
1317388641592424960
1317388641696051456
1317388641799678208
1317388641903301888
1317388642006804224
1317388642110430720
1317388642214054656
1317388642317677824
1317388642421301504
1317388642524964608
1317388642628657920
1317388642732349696
1317388642836056064
1317388642939681536
1317388643043306240
1317388643146929920
1317388643250678016
1317388643354302464
1317388643458056960
1317388643561807104
1317388643665430528
1317388643769181184
1317388643872930048
1317388643976555008
1317388644080303872
1317388644183928320
1317388644287678720
1317388644391429888
1317388644495056896
1317388644598809344
1317388644702432768
1317388644806180608
1317388644909929728
1317388645013557760
1317388645117307392
1317388645221054976
1317388645324805376
1317388645428556544
1317388645532307200
1317388645636075264
1317388645739683328
1317388645843429120
1317388645947079424
1317388646050809088
1317388646154435072
1317388646258183168
1317388646361846272
1317388646465538816
1317388646569177856
1317388646672936960
1317388646776600832
1317388646880314112
1317388646984040704
1317388647087688192
1317388647191433984
1317388647295161344
1317388647398808576
1317388647502559232
1317388647606183680
1317388647709934592
1317388647813556992
1317388647917311744
1317388648021057024
1317388648124811520
1317388648228533760
1317388648332186112
1317388648436026112
1317388648539705856
1317388648643330560
1317388648746955264
1317388648850684416
1317388648954310400
1317388649058060544
1317388649161687552
1317388649265310464
1317388649369060864
1317388649472682240
1317388649576454912
1317388649680059648
1317388649783809024
1317388649887453184
1317388649991205888
1317388650094812928
1317388650198484480
1317388650302083840
1317388650405832448
1317388650509437696
1317388650613060864
1317388650716823040
1317388650820435968
1317388650924188672
1317388651027809792
1317388651131563008
1317388651235213056
1317388651338852864
1317388651442555648
1317388651546207488
1317388651649939200
1317388651753562112
1317388651857314048
1317388651960936192
1317388652064689152
1317388652168310016
1317388652272082176
1317388652375830528
1317388652479440640
1317388652583189760
1317388652686813440
1317388652790459392
1317388652894063872
1317388652997811200
1317388653101563904
1317388653205312768
1317388653308962560
1317388653412689920
1317388653516442368
1317388653620315648
1317388653724314880
1317388653828313600
1317388653932436480
1317388654036562944
1317388654140692992
1317388654244946432
1317388654349199360
1317388654453440512
1317388654557692416
1317388654661942528
1317388654766193664
1317388654870439424
1317388654974694400
1317388655078694656
1317388655182816512
1317388655286939648
1317388655390942208
1317388655494939392
1317388655598843648
1317388655702814976
1317388655806694912
1317388655910588928
1317388656014568960
1317388656118440448
1317388656222193664
1317388656326069760
1317388656429945600
1317388656533693184
1317388656637589760
1317388656741194240
1317388656844944384
1317388656948570368
1317388657052072192
1317388657155689984
1317388657259316992
1317388657362815488
1317388657466343168
1317388657569690624
1317388657673233920
1317388657776819968
1317388657880326144
1317388657983963136
1317388658087703296
1317388658191320832
1317388658295069696
1317388658398820352
1317388658502569984
1317388658606321408
1317388658710071552
1317388658813820928
1317388658917570304
1317388659021195776
1317388659124945152
1317388659228573184
1317388659332218624
1317388659435821824
1317388659539448320
1317388659643069184
1317388659746744064
1317388659850456832
1317388659954093312
1317388660057694976
1317388660161323008
1317388660265072640
1317388660368822528
1317388660472592128
1317388660576321792
1317388660680072192
1317388660783825920
1317388660887448320
1317388660991195648
1317388661094970112
1317388661198637568
1317388661302210048
1317388661405947392
1317388661509572864
1317388661613347840
1317388661716958464
1317388661820701440
1317388661924448768
1317388662028199936
1317388662131972352
1317388662235699200
1317388662339447552
1317388662443091200
1317388662546827008
1317388662650574080
1317388662754197248
1317388662857989888
1317388662961597184
1317388663065324800
1317388663169096704
1317388663272823296
1317388663376574976
1317388663480343296
1317388663584168960
1317388663687849728
1317388663791572736
1317388663895328000
1317388663999076608
1317388664102826496
1317388664206575872
1317388664310327808
1317388664413971968
1317388664517702400
1317388664621451264
1317388664725202688
1317388664828827392
1317388664932577792
1317388665036327424
1317388665139950336
1317388665243703040
1317388665347455488
1317388665451079936
1317388665554829568
1317388665658449408
1317388665762201600
1317388665865826560
1317388665969579008
1317388666073200128
1317388666176954880
1317388666280579072
1317388666384325632
1317388666487952384
1317388666591706880
1317388666695325952
1317388666799077120
1317388666902702848
1317388667006452736
1317388667110078720
1317388667213826048
1317388667317453824
1317388667421204224
1317388667524953088
1317388667628705792
1317388667732328960
1317388667836080896
1317388667939832064
1317388668043576064
1317388668147352064
1317388668250956032
1317388668354706944
1317388668458465536
1317388668562081024
1317388668665832192
1317388668769581312
1317388668873204992
1317388668976956928
1317388669080581632
1317388669184330496
1317388669288081664
1317388669391706112
1317388669495457536
1317388669599215104
1317388669702832128
1317388669806454272
1317388669910080512
1317388670013707008
1317388670117332224
1317388670221084160
1317388670324828672
1317388670428458496
1317388670532105984
1317388670635831552
1317388670739584768
1317388670843206400
1317388670946833920
1317388671050582016
1317388671154359296
1317388671257957120
1317388671361710848
1317388671465583360
1317388671569331200
1317388671673210624
1317388671776958208
1317388671880833280
1317388671984606208
1317388672088336384
1317388672192102144
1317388672295878912
1317388672399603200
1317388672503332096
1317388672607082240
1317388672710852608
1317388672814584320
1317388672918209792
1317388673021961728
1317388673125584128
1317388673229336832
1317388673332962816
1317388673436709120
1317388673540335616
1317388673644085504
1317388673747836928
1317388673851589376
1317388673955335680
1317388674059089664
1317388674162835968
1317388674266588160
1317388674370338816
1317388674474211584
1317388674577959680
1317388674681713664
1317388674785476096
1317388674889235456
1317388674992964352
1317388675096710656
1317388675200338688
1317388675304088064
1317388675407838464
1317388675511465216
1317388675615211264
1317388675718839040
1317388675822586368
1317388675926336256
1317388676029961728
1317388676133711104
1317388676237339392
1317388676341090048
1317388676444712448
1317388676548341248
1317388676651971840
1317388676755714304
1317388676859336704
1317388676963088640
1317388677066713600
1317388677170466048
1317388677274088192
1317388677377840384
1317388677481463808
1317388677585212416
1317388677688838656
1317388677792612864
1317388677896216832
1317388677999965440
1317388678103714048
1317388678207342848
1317388678311112448
1317388678414717696
1317388678518474496
1317388678622114048
1317388678725839872
1317388678829588992
1317388678933216256
1317388679036864256
1317388679140599040
1317388679244339968
1317388679348089088
1317388679451718144
1317388679555467520
1317388679659224320
1317388679762967040
1317388679866718464
1317388679970469120
1317388680074087168
1317388680177839616
1317388680281590016
1317388680385389568
1317388680489141504
1317388680592864000
1317388680696466944
1317388680800217344
1317388680903966976
1317388681007714304
1317388681111468032
1317388681215219200
1317388681318842368
1317388681422591744
1317388681526240256
1317388681630013184
1317388681733720832
1317388681837367808
1317388681941095168
1317388682044720384
1317388682148470016
1317388682252371200
1317388682355848192
1317388682459594240
1317388682563346176
1317388682667134976
1317388682770722048
1317388682874472704
1317388682978238464
1317388683081987840
1317388683185759488
1317388683289467904
1317388683393102336
1317388683496844032
1317388683600595456
1317388683704219648
1317388683807969280
1317388683911596544
1317388684015366144
1317388684118973184
1317388684222719744
1317388684326347264
1317388684430096128
1317388684533857024
1317388684637599488
1317388684741223680
1317388684844970496
1317388684948721920
1317388685052348160
1317388685156096512
1317388685259850752
1317388685363473664
1317388685467228160
1317388685570969344
1317388685674611456
1317388685778347776
1317388685881993984
1317388685985726208
1317388686089350912
1317388686193097472
1317388686296724480
1317388686400470272
1317388686504096512
1317388686607720960
1317388686711473920
1317388686815102208
1317388686918849792
1317388687022476032
1317388687126224640
1317388687229975296
1317388687333598720
1317388687437346816
1317388687541098240
1317388687644728320
1317388687748474880
1317388687852224000
1317388687955852544
1317388688059619328
1317388688163353344
1317388688267122944
1317388688370726144
1317388688474350336
1317388688578098944
1317388688681726720
1317388688785351168
1317388688889102592
1317388688992727552
1317388689096475392
1317388689200102144
1317388689303853056
1317388689407601152
1317388689511226624
1317388689614980352
1317388689718725120
1317388689822351616
1317388689926103808
1317388690029728512
1317388690133497600
